ts_code,trade_date,open,high,low,close,pre_close,change,pct_chg,vol,amount,adj_factor
301568.SZ,20240813,26.21,26.5,25.81,26.5,25.9,0.6,2.3166,7752.3,20282.375,1.02
301526.SZ,20240813,3.18,3.22,3.15,3.22,3.18,0.04,1.2579,87879.99,28048.088,1.0092
301552.SZ,20240813,47.2,47.3,46.41,47.05,46.77,0.28,0.5987,11384.79,53358.092,1.0
301608.SZ,20240813,58.7,59.49,57.51,58.9,60.07,-1.17,-1.9477,44187.54,257555.637,1.0
301499.SZ,20240813,21.75,22.28,21.74,22.28,21.76,0.52,2.3897,8953.63,19707.293,1.0065
301578.SZ,20240813,34.5,34.97,34.3,34.9,34.42,0.48,1.3945,4956.57,17148.189,1.315
301509.SZ,20240813,30.15,30.45,29.47,30.0,30.63,-0.63,-2.0568,29239.6,87018.203,1.419
301413.SZ,20240813,35.4,36.06,35.15,35.93,35.51,0.42,1.1828,6358.09,22695.557,1.306
301382.SZ,20240813,16.0,16.2,15.86,16.17,16.03,0.14,0.8734,21137.0,33925.833,1.308
301577.SZ,20240813,53.26,53.99,52.8,53.98,53.31,0.67,1.2568,7310.0,38996.451,1.017
301587.SZ,20240813,23.7,23.99,23.4,23.8,23.8,0.0,0.0,12066.0,28560.926,1.0
301538.SZ,20240813,83.8,94.0,83.8,92.98,84.02,8.96,10.6641,23349.02,209127.397,1.405
301529.SZ,20240813,29.75,30.16,29.45,30.12,29.76,0.36,1.2097,5888.77,17551.307,1.01
301548.SZ,20240813,49.38,49.48,46.88,47.67,48.75,-1.08,-2.2154,7783.62,37012.587,1.467
301516.SZ,20240813,15.85,15.97,15.65,15.97,15.8,0.17,1.0759,23162.08,36604.317,1.01
301539.SZ,20240813,19.23,19.47,18.9,19.46,19.23,0.23,1.196,14322.97,27465.263,1.008
301508.SZ,20240813,31.95,32.55,31.62,32.55,31.82,0.73,2.2942,21479.37,68776.16,1.011
301448.SZ,20240813,19.16,19.45,19.06,19.45,19.16,0.29,1.5136,6356.3,12247.008,1.319
301525.SZ,20240813,48.74,48.89,47.9,48.85,48.37,0.48,0.9924,3377.88,16368.598,1.007
301468.SZ,20240813,20.34,20.34,19.66,20.07,19.87,0.2,1.0065,6298.9,12572.032,1.0218
301378.SZ,20240813,20.21,20.44,19.93,20.42,20.21,0.21,1.0391,6033.4,12200.586,2.156
301558.SZ,20240813,7.79,7.84,7.68,7.81,7.78,0.03,0.3856,23377.54,18186.374,1.014
301528.SZ,20240813,41.49,41.88,40.92,41.8,41.5,0.3,0.7229,5361.74,22196.371,1.003
301369.SZ,20240813,43.25,46.99,42.75,45.97,43.31,2.66,6.1418,47644.0,216042.917,1.536
301510.SZ,20240813,23.66,23.72,22.94,23.25,23.54,-0.29,-1.2319,14824.88,34510.423,1.0015
301502.SZ,20240813,34.2,35.94,34.2,35.38,35.17,0.21,0.5971,15618.87,54984.305,1.014
301459.SZ,20240813,33.93,34.11,33.56,34.1,33.95,0.15,0.4418,1932.97,6551.744,1.009
301517.SZ,20240813,49.54,50.0,48.46,49.41,48.81,0.6,1.2293,19774.21,96852.877,1.003
301392.SZ,20240813,46.03,46.7,45.25,46.46,46.29,0.17,0.3672,17426.47,80106.71,1.0
301418.SZ,20240813,35.14,36.25,35.14,36.2,35.45,0.75,2.1157,6789.63,24373.301,1.006
301377.SZ,20240813,15.45,16.19,15.45,16.09,15.55,0.54,3.4727,27350.45,43597.678,1.01
301536.SZ,20240813,32.45,33.25,32.36,33.05,32.44,0.61,1.8804,21274.0,69884.169,1.003
301515.SZ,20240813,18.97,18.97,18.21,18.47,19.03,-0.56,-2.9427,20789.02,38410.188,1.013
301396.SZ,20240813,21.22,22.52,21.0,21.98,21.47,0.51,2.3754,72349.9,158188.664,1.218
301512.SZ,20240813,39.79,40.88,39.53,40.55,39.87,0.68,1.7055,4650.34,18781.649,1.018
301395.SZ,20240813,9.5,9.6,9.23,9.41,9.32,0.09,0.9657,9996.02,9328.738,1.477
301500.SZ,20240813,17.22,17.5,16.62,16.89,16.92,-0.03,-0.1773,21898.89,37012.31,1.0
301591.SZ,20240813,33.49,34.01,33.01,33.9,33.3,0.6,1.8018,10557.0,35466.416,1.006
301372.SZ,20240813,22.02,22.35,21.19,21.72,22.21,-0.49,-2.2062,18353.85,39680.099,1.01
301408.SZ,20240813,10.6,10.66,10.28,10.43,10.66,-0.23,-2.1576,41513.68,43331.229,1.009
301511.SZ,20240813,12.1,12.3,11.87,12.3,12.23,0.07,0.5724,46723.11,56491.327,1.404
301603.SZ,20240813,38.2,38.97,37.8,38.96,38.42,0.54,1.4055,33001.77,126911.048,1.0
301567.SZ,20240813,39.09,40.55,38.52,40.53,38.71,1.82,4.7016,17806.0,70833.951,1.007
301487.SZ,20240813,14.37,15.2,14.27,14.99,14.66,0.33,2.251,254954.2,375426.22,1.001
301376.SZ,20240813,18.77,19.05,18.59,19.05,18.77,0.28,1.4917,6256.17,11807.617,1.018
301606.SZ,20240813,29.85,30.04,28.9,30.04,30.17,-0.13,-0.4309,49804.02,147207.39,1.0
301566.SZ,20240813,16.89,17.99,16.8,17.77,17.05,0.72,4.2229,70790.01,124442.137,1.003
301589.SZ,20240813,161.01,165.0,161.0,164.27,161.8,2.47,1.5266,10063.55,163571.12,1.84
301368.SZ,20240813,37.51,38.3,37.08,38.01,37.46,0.55,1.4682,27077.0,102560.275,1.004
301486.SZ,20240813,35.98,36.93,35.73,36.71,35.98,0.73,2.0289,14955.42,54718.783,1.009
301456.SZ,20240813,21.48,21.74,21.31,21.72,21.52,0.2,0.9294,9844.11,21207.423,1.012
301555.SZ,20240813,25.28,26.27,24.88,25.8,25.47,0.33,1.2956,9537.13,24291.515,1.0086
301507.SZ,20240813,13.92,14.13,13.42,13.66,14.21,-0.55,-3.8705,214262.28,291954.628,1.008
301596.SZ,20240813,68.4,69.58,67.26,69.56,68.45,1.11,1.6216,15425.62,105368.854,1.0
301580.SZ,20240813,58.99,59.5,58.18,59.5,59.2,0.3,0.5068,14286.88,84070.544,1.0
301565.SZ,20240813,21.11,21.43,20.97,21.27,21.29,-0.02,-0.0939,52209.34,110590.293,1.0
301379.SZ,20240813,15.73,16.19,15.71,16.15,15.76,0.39,2.4746,15385.2,24593.852,1.453
301388.SZ,20240813,18.71,19.13,18.45,19.13,18.65,0.48,2.5737,22805.99,43030.324,1.038
301489.SZ,20240813,56.19,57.23,55.92,57.2,56.18,1.02,1.8156,5842.92,33105.468,1.0037
301429.SZ,20240813,14.0,14.31,13.81,14.3,14.0,0.3,2.1429,7569.0,10651.87,1.026
301439.SZ,20240813,10.87,11.22,10.87,11.21,11.08,0.13,1.1733,10025.56,11142.038,1.03
301419.SZ,20240813,21.47,21.86,21.37,21.84,21.47,0.37,1.7233,3804.54,8224.117,1.032
301421.SZ,20240813,36.56,37.27,36.4,37.13,36.76,0.37,1.0065,18127.35,66774.918,1.006
301383.SZ,20240813,24.98,27.0,24.98,26.81,25.13,1.68,6.6852,75498.37,199224.955,1.414
301498.SZ,20240813,42.52,43.04,42.44,42.77,42.86,-0.09,-0.21,3684.76,15718.681,1.0033
301381.SZ,20240813,21.4,21.7,21.32,21.68,21.51,0.17,0.7903,9174.78,19713.913,1.017
301533.SZ,20240813,25.43,25.66,25.01,25.58,25.42,0.16,0.6294,6932.0,17573.996,1.015
301380.SZ,20240813,30.9,31.49,30.72,31.49,30.85,0.64,2.0746,4677.0,14555.205,1.025
301550.SZ,20240813,40.98,43.18,40.8,42.52,41.2,1.32,3.2039,53337.06,225349.346,1.011
301390.SZ,20240813,27.99,28.5,27.71,28.27,27.79,0.48,1.7272,7447.0,20989.21,1.013
301518.SZ,20240813,15.88,16.2,15.77,16.19,15.87,0.32,2.0164,8005.0,12795.924,1.029
301520.SZ,20240813,40.24,40.38,39.44,40.3,40.49,-0.19,-0.4693,7431.6,29683.587,1.011
301469.SZ,20240813,23.09,23.28,22.8,23.28,23.04,0.24,1.0417,8354.59,19259.972,1.024
301387.SZ,20240813,28.2,28.97,28.14,28.67,28.22,0.45,1.5946,13062.0,37183.185,1.437
301389.SZ,20240813,13.29,13.52,13.16,13.52,13.15,0.37,2.8137,32829.0,43877.525,1.056
301588.SZ,20240813,20.25,20.4,20.02,20.4,20.18,0.22,1.0902,8507.46,17225.155,1.008
301428.SZ,20240813,26.24,26.83,26.2,26.83,26.44,0.39,1.475,11709.29,31095.709,1.011
301393.SZ,20240813,39.4,39.87,38.58,39.14,39.72,-0.58,-1.4602,8414.01,32736.902,1.008
301370.SZ,20240813,9.94,9.96,9.62,9.87,9.94,-0.07,-0.7042,56255.4,55081.354,1.0117
301446.SZ,20240813,19.5,20.64,18.85,20.21,19.81,0.4,2.0192,50497.14,100074.82,1.315
301398.SZ,20240813,33.69,34.09,33.48,33.93,33.75,0.18,0.5333,5401.0,18245.568,1.0165
301559.SZ,20240813,14.85,15.1,14.85,15.06,14.9,0.16,1.0738,8788.15,13171.743,1.072
301373.SZ,20240813,21.64,21.95,21.45,21.87,21.7,0.17,0.7834,1870.64,4057.99,1.032
301386.SZ,20240813,19.4,19.73,19.31,19.73,19.42,0.31,1.5963,8107.0,15896.067,1.07
301519.SZ,20240813,12.8,12.95,12.5,12.95,12.85,0.1,0.7782,22096.74,28226.865,1.0125
301371.SZ,20240813,28.21,28.55,28.04,28.32,28.39,-0.07,-0.2466,3598.0,10159.958,1.03
301505.SZ,20240813,23.18,23.94,23.01,23.92,23.45,0.47,2.0043,17891.7,42107.367,1.024
301397.SZ,20240813,23.21,23.45,22.69,22.98,23.58,-0.6,-2.5445,19979.88,45868.972,1.2408
301391.SZ,20240813,36.39,36.76,36.05,36.72,36.35,0.37,1.0179,6301.89,22965.953,1.421
301488.SZ,20240813,51.76,52.46,51.3,52.46,51.74,0.72,1.3916,8546.0,44318.693,1.016
301503.SZ,20240813,27.0,27.47,26.78,27.47,27.15,0.32,1.1786,5985.0,16240.579,1.018
301399.SZ,20240813,21.31,22.0,21.05,21.98,21.95,0.03,0.1367,63292.64,136196.975,1.494
603439.SH,20240813,12.15,12.22,11.81,11.97,12.36,-0.39,-3.1553,101799.0,121607.969,1.037
600853.SH,20240813,3.05,3.08,3.03,3.08,3.06,0.02,0.6536,46542.24,14235.714,3.2425
002214.SZ,20240813,11.68,11.87,11.63,11.84,11.7,0.14,1.1966,27068.54,31840.036,5.13
600127.SH,20240813,6.04,6.04,5.95,5.99,6.02,-0.03,-0.4983,43353.62,25935.201,5.087
603100.SH,20240813,17.2,17.24,16.91,17.16,17.04,0.12,0.7042,21593.9,36905.576,1.574
300427.SZ,20240813,4.06,4.06,4.01,4.05,4.05,0.0,0.0,23887.0,9622.205,3.331
002534.SZ,20240813,9.92,10.17,9.91,10.16,10.03,0.13,1.2961,45763.0,46043.898,2.311
920039.BJ,20240813,5.22,5.3,5.14,5.29,5.21,0.08,1.5355,5096.52,2651.716,1.476
300707.SZ,20240813,10.49,10.59,10.26,10.57,10.44,0.13,1.2452,39905.43,41625.541,2.041
300826.SZ,20240813,11.86,12.48,11.86,12.45,11.94,0.51,4.2714,65641.31,80434.903,1.936
603379.SH,20240813,30.54,30.91,30.37,30.84,30.7,0.14,0.456,20272.83,62070.292,1.465
000517.SZ,20240813,2.68,2.72,2.66,2.71,2.67,0.04,1.4981,137835.08,37085.023,15.79
002064.SZ,20240813,7.43,7.43,7.24,7.33,7.39,-0.06,-0.8119,163228.71,119528.904,12.1855
002164.SZ,20240813,3.78,3.85,3.73,3.82,3.77,0.05,1.3263,44446.0,16845.452,3.154
688281.SH,20240813,86.67,88.68,84.11,85.75,87.95,-2.2,-2.5014,9963.5,85795.255,2.935
688375.SH,20240813,42.07,42.55,41.58,42.32,41.99,0.33,0.7859,5361.22,22603.41,1.5078
600345.SH,20240813,16.4,16.69,16.1,16.42,16.53,-0.11,-0.6655,104921.01,170919.988,1.997
605003.SH,20240813,15.72,15.83,15.61,15.73,15.74,-0.01,-0.0635,2815.0,4419.995,1.357
600665.SH,20240813,2.28,2.29,2.22,2.27,2.27,0.0,0.0,108268.56,24418.286,4.906
688001.SH,20240813,21.59,21.79,21.46,21.76,21.66,0.1,0.4617,5045.46,10908.218,1.032
605133.SH,20240813,16.27,16.65,16.13,16.54,16.27,0.27,1.6595,10216.22,16785.196,1.0313
600570.SH,20240813,16.73,16.88,16.61,16.86,16.73,0.13,0.777,91254.15,152889.25,45.045
600724.SH,20240813,3.72,3.77,3.68,3.75,3.73,0.02,0.5362,45781.76,17100.329,14.837
002888.SZ,20240813,14.27,15.23,14.16,14.34,14.0,0.34,2.4286,80279.6,117068.554,1.889
301018.SZ,20240813,18.63,18.97,18.39,18.95,18.66,0.29,1.5541,17311.01,32387.495,1.027
002193.SZ,20240813,3.45,3.51,3.35,3.5,3.43,0.07,2.0408,61780.0,21301.402,2.074
603318.SH,20240813,5.8,5.89,5.77,5.88,5.8,0.08,1.3793,34161.22,19969.103,3.0784
688155.SH,20240813,32.84,33.49,32.57,33.34,32.95,0.39,1.1836,5658.17,18586.854,1.416
601599.SH,20240813,2.79,2.8,2.75,2.79,2.79,0.0,0.0,62545.0,17355.053,3.266
600167.SH,20240813,5.72,5.76,5.63,5.69,5.72,-0.03,-0.5245,37026.2,21074.126,4.2171
300636.SZ,20240813,8.69,8.7,8.42,8.59,8.66,-0.07,-0.8083,26065.45,22194.782,3.924
002556.SZ,20240813,4.83,4.96,4.83,4.91,4.87,0.04,0.8214,317989.43,155151.008,6.045
600137.SH,20240813,11.83,12.3,11.66,11.93,11.81,0.12,1.0161,18089.0,21683.435,1.5909
301262.SZ,20240813,21.23,21.29,20.96,21.25,21.12,0.13,0.6155,7714.0,16315.866,1.0429
001373.SZ,20240813,23.58,24.28,23.23,24.07,23.53,0.54,2.2949,11031.0,26330.592,1.008
300255.SZ,20240813,9.7,9.83,9.57,9.82,9.81,0.01,0.1019,135308.0,131088.173,7.922
002098.SZ,20240813,7.11,7.11,6.91,7.07,7.1,-0.03,-0.4225,35925.0,25168.723,2.3782
301313.SZ,20240813,18.89,19.18,18.75,19.15,18.99,0.16,0.8425,17197.37,32618.509,1.011
002030.SZ,20240813,6.38,6.53,6.05,6.33,5.94,0.39,6.5657,1530938.95,974796.647,29.339
603272.SH,20240813,8.72,8.85,8.58,8.85,8.72,0.13,1.4908,11917.0,10419.025,1.0445
603006.SH,20240813,8.9,9.01,8.83,9.01,8.93,0.08,0.8959,11805.0,10528.074,2.366
300761.SZ,20240813,21.99,22.56,21.64,21.84,21.87,-0.03,-0.1372,34093.6,74920.362,1.936
300313.SZ,20240813,5.9,5.96,5.8,5.85,5.85,0.0,0.0,43156.0,25331.884,2.027
301045.SZ,20240813,15.51,16.32,15.43,15.89,15.6,0.29,1.859,16125.0,25480.486,1.006
600006.SH,20240813,6.6,6.68,6.58,6.68,6.64,0.04,0.6024,264525.99,175382.791,3.7785
600038.SH,20240813,40.3,40.95,40.28,40.78,40.3,0.48,1.1911,29647.0,120622.481,3.126
000415.SZ,20240813,2.67,2.71,2.64,2.68,2.67,0.01,0.3745,339156.02,90620.229,20.919
600601.SH,20240813,2.76,2.78,2.69,2.73,2.78,-0.05,-1.7986,826238.08,224580.421,6471.278
603269.SH,20240813,7.82,7.99,7.76,7.98,7.86,0.12,1.5267,23963.2,18965.171,2.393
600926.SH,20240813,12.84,13.01,12.82,12.89,12.87,0.02,0.1554,143491.16,185274.612,2.4538
688075.SH,20240813,34.17,35.05,34.17,34.9,34.49,0.41,1.1888,5487.13,19033.945,2.3061
300293.SZ,20240813,14.8,15.17,14.76,15.14,14.76,0.38,2.5745,145037.31,217866.654,4.759
300660.SZ,20240813,22.95,23.25,22.81,23.17,22.93,0.24,1.0467,16551.61,38166.916,3.469
600525.SH,20240813,3.68,3.73,3.65,3.73,3.68,0.05,1.3587,29406.0,10877.397,12.706
600728.SH,20240813,3.61,3.66,3.59,3.65,3.64,0.01,0.2747,115348.16,41807.92,13.007
000678.SZ,20240813,3.68,3.73,3.65,3.73,3.68,0.05,1.3587,32974.0,12182.36,4.96
002471.SZ,20240813,2.08,2.11,2.06,2.1,2.09,0.01,0.4785,247128.0,51468.793,6.924
688657.SH,20240813,31.68,32.02,31.36,31.77,31.68,0.09,0.2841,713.52,2257.633,1.484
920726.BJ,20240813,7.5,7.55,7.44,7.51,7.45,0.06,0.8054,1837.78,1374.916,2.2687
000547.SZ,20240813,6.76,6.9,6.7,6.83,6.72,0.11,1.6369,440640.53,299149.243,10.683
603727.SH,20240813,11.21,11.28,10.94,11.11,11.02,0.09,0.8167,51478.96,56981.898,1.086
300943.SZ,20240813,11.1,11.45,11.0,11.45,11.16,0.29,2.5986,86110.5,97045.073,1.543
002737.SZ,20240813,23.19,23.19,22.62,22.83,23.21,-0.38,-1.6372,33165.33,75626.403,5.552
002191.SZ,20240813,3.67,3.67,3.55,3.61,3.69,-0.08,-2.168,248131.4,89090.766,7.6904
603618.SH,20240813,4.38,4.46,4.32,4.46,4.38,0.08,1.8265,114192.19,50309.206,3.262
000155.SZ,20240813,9.6,9.66,9.4,9.63,9.62,0.01,0.104,71583.0,68376.058,1.568
002763.SZ,20240813,6.56,6.59,6.51,6.56,6.56,0.0,0.0,11532.0,7549.811,2.565
688213.SH,20240813,51.0,51.65,50.2,51.02,50.94,0.08,0.157,15658.86,79531.044,1.0031
300476.SZ,20240813,33.25,35.47,33.14,34.59,32.93,1.66,5.041,458646.01,1588845.276,4.915
002311.SZ,20240813,41.5,41.68,40.82,41.26,41.6,-0.34,-0.8173,38595.57,158715.404,7.123
002282.SZ,20240813,6.03,6.17,6.03,6.15,6.07,0.08,1.318,28278.01,17313.796,2.237
300062.SZ,20240813,5.05,5.07,4.93,5.02,5.05,-0.03,-0.5941,132580.6,66046.19,6.805
301288.SZ,20240813,13.52,17.26,13.01,17.26,14.38,2.88,20.0278,137810.34,213617.084,1.013
002430.SZ,20240813,18.85,18.97,18.68,18.91,18.94,-0.03,-0.1584,31845.84,59891.946,2.392
002984.SZ,20240813,21.7,21.92,21.52,21.87,21.76,0.11,0.5055,43998.2,95486.197,1.435
002174.SZ,20240813,7.3,7.36,7.19,7.3,7.3,0.0,0.0,83942.0,60958.406,3.1324
600650.SH,20240813,10.53,10.92,10.41,10.92,10.92,0.0,0.0,287308.87,306809.823,4.5584
300253.SZ,20240813,5.37,5.4,5.31,5.39,5.37,0.02,0.3724,130081.37,69669.024,35.446
002205.SZ,20240813,6.23,6.32,6.07,6.32,6.19,0.13,2.1002,50229.0,31210.3,2.103
603381.SH,20240813,22.87,23.57,22.8,23.39,23.0,0.39,1.6957,46826.15,108670.198,1.0
688262.SH,20240813,15.84,16.19,15.72,16.14,15.72,0.42,2.6718,35785.14,57067.672,1.414
688363.SH,20240813,62.97,63.28,62.21,62.98,63.13,-0.15,-0.2376,10241.74,64229.004,1.021
000582.SZ,20240813,7.74,7.88,7.72,7.79,7.76,0.03,0.3866,66922.98,52122.713,5.347
600063.SH,20240813,3.39,3.42,3.35,3.42,3.38,0.04,1.1834,65965.2,22385.214,14.6703
300699.SZ,20240813,27.3,27.76,27.25,27.75,27.35,0.4,1.4625,40164.47,110737.537,2.4126
920167.BJ,20240813,14.37,15.11,14.1,14.83,14.49,0.34,2.3464,18279.63,26708.838,1.833
300518.SZ,20240813,7.42,7.59,7.26,7.59,7.45,0.14,1.8792,23581.0,17624.066,1.979
000862.SZ,20240813,4.23,4.32,4.21,4.3,4.3,0.0,0.0,57148.0,24398.711,2.698
600666.SH,20240813,1.52,1.52,1.52,1.52,1.45,0.07,4.8276,51481.82,7825.237,17.972
600429.SH,20240813,3.97,3.98,3.91,3.94,3.99,-0.05,-1.2531,37124.0,14608.589,1.4824
688286.SH,20240813,38.77,39.39,38.33,39.3,38.6,0.7,1.8135,4204.63,16317.698,1.003
688343.SH,20240813,24.34,24.82,24.26,24.74,24.3,0.44,1.8107,28554.92,69991.088,1.0
300689.SZ,20240813,13.42,14.13,13.3,14.11,13.46,0.65,4.8291,35203.1,48852.472,1.735
002671.SZ,20240813,3.54,3.6,3.51,3.6,3.56,0.04,1.1236,32619.9,11641.05,4.073
603920.SH,20240813,18.86,19.27,18.68,19.01,18.92,0.09,0.4757,98470.0,186300.588,1.613
600501.SH,20240813,16.81,17.41,16.65,17.41,17.12,0.29,1.6939,571624.0,970251.314,4.7596
000601.SZ,20240813,3.78,3.83,3.73,3.81,3.84,-0.03,-0.7813,77222.05,29231.494,10.45
002867.SZ,20240813,11.3,11.37,11.11,11.24,11.25,-0.01,-0.0889,69601.28,77966.817,2.8982
688099.SH,20240813,59.03,59.67,57.24,57.93,58.91,-0.98,-1.6636,34711.42,201476.736,1.01
002979.SZ,20240813,20.99,21.8,20.55,21.23,20.9,0.33,1.5789,243241.55,513835.334,1.5448
002645.SZ,20240813,6.06,6.19,6.0,6.19,6.11,0.08,1.3093,59916.35,36624.639,5.563
600458.SH,20240813,9.43,9.54,9.39,9.53,9.45,0.08,0.8466,19953.3,18887.538,8.4828
002169.SZ,20240813,4.35,4.43,4.3,4.43,4.35,0.08,1.8391,41394.2,18165.022,8.0807
603589.SH,20240813,38.14,38.25,37.66,38.01,38.14,-0.13,-0.3408,15588.81,59094.237,1.2205
300912.SZ,20240813,9.68,9.93,9.5,9.92,9.57,0.35,3.6573,26889.16,26243.447,1.005
000620.SZ,20240813,1.52,1.53,1.47,1.5,1.54,-0.04,-2.5974,571296.15,85001.148,2.284
600159.SH,20240813,2.14,2.16,2.07,2.15,2.14,0.01,0.4673,147102.02,31277.605,5.212
688458.SH,20240813,24.41,24.76,24.3,24.73,24.4,0.33,1.3525,5588.67,13705.805,1.3977
600517.SH,20240813,4.16,4.2,4.14,4.2,4.16,0.04,0.9615,73501.23,30683.917,22.1491
002907.SZ,20240813,13.49,13.6,13.27,13.48,13.75,-0.27,-1.9636,76645.59,102875.345,1.021
605100.SH,20240813,10.91,11.05,10.87,11.03,10.95,0.08,0.7306,6581.0,7213.916,2.145
920033.BJ,20240813,14.18,14.55,14.03,14.4,14.24,0.16,1.1236,3190.86,4548.678,2.7343
603179.SH,20240813,37.8,38.19,36.2,37.08,37.8,-0.72,-1.9048,37841.01,139104.217,2.5963
688525.SH,20240813,48.09,49.8,48.0,49.72,48.03,1.69,3.5186,118107.74,579434.26,1.0
300643.SZ,20240813,11.1,11.24,10.97,11.2,11.08,0.12,1.083,37673.0,41831.927,1.057
002848.SZ,20240813,6.52,6.65,6.46,6.65,6.58,0.07,1.0638,18412.0,12110.541,1.002
688627.SH,20240813,40.9,41.9,40.85,41.84,41.15,0.69,1.6768,7218.09,29795.659,1.008
300772.SZ,20240813,10.99,11.42,10.89,11.09,11.1,-0.01,-0.0901,184244.66,204590.83,1.856
000565.SZ,20240813,4.09,4.13,4.04,4.12,4.1,0.02,0.4878,20457.0,8382.932,7.657
300412.SZ,20240813,3.14,3.18,3.07,3.17,3.15,0.02,0.6349,124404.58,38789.113,8.211
600523.SH,20240813,10.22,10.29,10.13,10.25,10.22,0.03,0.2935,23224.0,23705.678,2.126
601179.SH,20240813,7.05,7.34,7.03,7.15,7.06,0.09,1.2748,608770.0,438058.287,1.1564
300061.SZ,20240813,6.06,6.33,5.83,6.11,6.01,0.1,1.6639,859808.05,522056.228,5.378
600716.SH,20240813,2.58,2.59,2.53,2.57,2.58,-0.01,-0.3876,49191.0,12581.777,4.785
300249.SZ,20240813,6.16,6.26,6.12,6.26,6.16,0.1,1.6234,44224.0,27429.129,5.106
688522.SH,20240813,45.0,45.62,44.67,45.26,44.9,0.36,0.8018,15754.12,70965.982,1.417
920304.BJ,20240813,6.2,6.44,6.16,6.36,6.22,0.14,2.2508,6883.64,4348.242,1.2273
300538.SZ,20240813,13.9,14.16,13.79,14.15,13.83,0.32,2.3138,35595.0,49861.178,2.773
600925.SH,20240813,4.95,5.0,4.94,4.98,4.96,0.02,0.4032,53116.0,26425.227,1.075
601788.SH,20240813,14.76,14.9,14.63,14.89,14.74,0.15,1.0176,110275.73,162836.655,1.2819
601005.SH,20240813,1.07,1.08,1.05,1.06,1.07,-0.01,-0.9346,367903.1,39173.502,1.051
300040.SZ,20240813,5.55,5.79,5.36,5.68,5.57,0.11,1.9749,652072.85,362688.804,6.2827
600568.SH,20240813,1.35,1.39,1.32,1.39,1.33,0.06,4.5113,102612.56,14023.325,12.719
002585.SZ,20240813,4.46,4.55,4.39,4.54,4.46,0.08,1.7937,93883.0,42092.713,3.895
002790.SZ,20240813,7.74,7.87,7.65,7.87,7.73,0.14,1.8111,34169.88,26570.988,3.116
300692.SZ,20240813,4.6,4.84,4.48,4.64,4.67,-0.03,-0.6424,138243.6,63727.043,2.952
600326.SH,20240813,4.52,4.96,4.51,4.96,4.51,0.45,9.9778,867326.69,414173.037,10.743
601990.SH,20240813,7.67,7.72,7.61,7.72,7.65,0.07,0.915,64030.0,49093.404,1.264
301082.SZ,20240813,8.82,8.98,8.66,8.97,8.82,0.15,1.7007,36783.8,32527.307,1.457
300146.SZ,20240813,11.65,11.75,11.4,11.58,11.69,-0.11,-0.941,90653.0,104749.498,31.871
000631.SZ,20240813,2.35,2.37,2.33,2.37,2.35,0.02,0.8511,47429.48,11145.327,20.1856
601019.SH,20240813,11.75,11.86,11.38,11.49,11.75,-0.26,-2.2128,240927.94,277951.401,1.366
000972.SZ,20240813,2.55,2.58,2.46,2.51,2.61,-0.1,-3.8314,367258.0,91888.501,3.266
300468.SZ,20240813,7.71,7.82,7.68,7.82,7.73,0.09,1.1643,41035.97,31830.919,4.975
002649.SZ,20240813,7.45,7.57,7.41,7.49,7.48,0.01,0.1337,45458.0,34020.019,5.1967
000752.SZ,20240813,7.01,7.34,6.99,7.21,7.01,0.2,2.8531,23388.0,16792.958,4.771
002815.SZ,20240813,8.09,8.24,8.09,8.23,8.12,0.11,1.3547,97651.97,79993.35,2.348
300459.SZ,20240813,3.35,3.38,3.32,3.38,3.35,0.03,0.8955,341115.13,114418.956,13.77
301062.SZ,20240813,10.8,10.9,10.69,10.9,10.79,0.11,1.0195,20860.0,22573.153,1.014
603088.SH,20240813,7.09,7.11,7.0,7.08,7.07,0.01,0.1414,23742.2,16727.742,6.597
002357.SZ,20240813,5.53,5.63,5.49,5.62,5.55,0.07,1.2613,146579.1,81456.119,4.461
601155.SH,20240813,9.67,9.7,9.48,9.61,9.66,-0.05,-0.5176,133922.65,128179.071,1.58
301098.SZ,20240813,7.43,7.6,7.32,7.59,7.43,0.16,2.1534,22959.5,17201.657,1.5357
605158.SH,20240813,6.66,6.7,6.56,6.67,6.63,0.04,0.6033,33664.3,22351.994,1.412
688123.SH,20240813,48.96,49.42,48.54,49.28,48.42,0.86,1.7761,21543.73,105456.789,1.339
600604.SH,20240813,3.62,3.64,3.55,3.61,3.62,-0.01,-0.2762,72123.0,25936.024,52.739
603068.SH,20240813,19.83,20.05,19.75,19.99,19.84,0.15,0.756,18004.43,35820.433,1.015
600696.SH,20240813,8.8,9.26,8.66,8.66,9.62,-0.96,-9.9792,264574.87,234272.395,3.304
002548.SZ,20240813,3.88,3.96,3.85,3.93,3.89,0.04,1.0283,78561.5,30815.852,4.884
600141.SH,20240813,18.22,18.79,18.15,18.68,18.24,0.44,2.4123,125495.32,232827.734,3.674
600405.SH,20240813,3.48,3.5,3.42,3.5,3.46,0.04,1.1561,44997.09,15579.517,7.101
300118.SZ,20240813,10.51,10.87,10.38,10.74,10.66,0.08,0.7505,206364.93,218388.842,3.492
300825.SZ,20240813,9.35,9.74,9.3,9.71,9.32,0.39,4.1845,130156.0,124251.603,1.5
605268.SH,20240813,6.73,6.73,6.59,6.7,6.66,0.04,0.6006,6384.0,4247.281,1.083
000978.SZ,20240813,5.96,5.99,5.86,5.91,5.95,-0.04,-0.6723,32059.01,18871.048,3.133
000753.SZ,20240813,2.78,2.82,2.74,2.8,2.77,0.03,1.083,52299.0,14585.851,11.0624
601688.SH,20240813,12.89,12.92,12.74,12.9,12.87,0.03,0.2331,328610.26,421866.3,1.302
000716.SZ,20240813,3.86,3.89,3.75,3.8,3.89,-0.09,-2.3136,164249.0,62448.413,3.783
603182.SH,20240813,10.4,10.43,10.31,10.39,10.38,0.01,0.0963,7109.0,7363.498,1.057
688663.SH,20240813,19.87,20.22,19.69,20.14,19.95,0.19,0.9524,8755.88,17468.167,1.058
300382.SZ,20240813,5.22,5.26,5.12,5.24,5.21,0.03,0.5758,42761.0,22209.755,11.8276
002820.SZ,20240813,7.33,7.36,7.2,7.29,7.31,-0.02,-0.2736,26084.0,18948.907,1.812
300162.SZ,20240813,5.75,6.5,5.7,6.22,5.78,0.44,7.6125,598337.44,368966.987,5.29
688385.SH,20240813,30.21,30.68,30.08,30.65,30.19,0.46,1.5237,29034.25,88089.461,1.006
000830.SZ,20240813,10.91,10.96,10.82,10.93,10.91,0.02,0.1833,89139.0,96860.172,8.499
603617.SH,20240813,5.28,5.34,5.23,5.32,5.32,0.0,0.0,46943.72,24796.256,2.9706
002856.SZ,20240813,7.29,7.35,7.03,7.34,7.19,0.15,2.0862,36458.0,26292.524,1.206
600729.SH,20240813,18.75,18.92,18.63,18.83,18.85,-0.02,-0.1061,16606.73,31134.002,4.4132
001227.SZ,20240813,2.23,2.25,2.22,2.24,2.23,0.01,0.4484,192769.81,43160.728,1.1123
603897.SH,20240813,17.28,17.5,17.21,17.47,17.36,0.11,0.6336,21413.0,37146.707,1.231
688256.SH,20240813,241.98,246.15,233.67,240.7,241.05,-0.35,-0.1452,54296.29,1300711.271,1.0
002518.SZ,20240813,16.89,17.16,16.69,17.0,16.88,0.12,0.7109,34416.8,58098.021,5.838
000739.SZ,20240813,15.16,15.24,14.91,15.06,15.17,-0.11,-0.7251,66712.44,100536.591,12.964
300324.SZ,20240813,2.07,2.12,2.04,2.11,2.09,0.02,0.9569,306519.0,64046.275,25.015
603332.SH,20240813,7.29,7.36,7.17,7.34,7.29,0.05,0.6859,22203.3,16159.136,2.009
600278.SH,20240813,5.57,5.62,5.52,5.6,5.57,0.03,0.5386,17637.22,9825.017,2.243
300691.SZ,20240813,14.17,14.8,14.02,14.59,14.08,0.51,3.6222,31061.8,44835.896,2.712
600052.SH,20240813,3.75,3.8,3.7,3.8,3.75,0.05,1.3333,24284.0,9105.817,3.5246
002109.SZ,20240813,2.56,2.62,2.51,2.6,2.55,0.05,1.9608,80394.28,20721.626,3.924
300625.SZ,20240813,10.52,10.68,10.31,10.55,10.63,-0.08,-0.7526,38325.0,40234.412,1.317
603079.SH,20240813,11.67,12.0,11.37,11.55,12.01,-0.46,-3.8301,110409.0,127259.4,2.07
600825.SH,20240813,3.79,3.82,3.72,3.76,3.81,-0.05,-1.3123,86515.15,32500.727,12.754
601898.SH,20240813,13.09,13.25,12.76,13.13,12.91,0.22,1.7041,263084.91,343331.155,1.333
002976.SZ,20240813,20.81,21.13,20.62,20.96,20.81,0.15,0.7208,8308.0,17339.489,1.23
600128.SH,20240813,6.44,6.52,6.4,6.51,6.48,0.03,0.463,17986.01,11633.749,3.1652
600521.SH,20240813,17.8,17.95,17.65,17.85,17.9,-0.05,-0.2793,76936.16,136964.751,18.9868
300093.SZ,20240813,10.33,12.0,10.33,11.36,11.9,-0.54,-4.5378,230492.31,257288.935,1.823
300959.SZ,20240813,23.08,23.44,22.87,23.36,23.17,0.19,0.82,4726.0,10960.03,1.034
002866.SZ,20240813,10.85,10.97,10.68,10.97,10.79,0.18,1.6682,24606.0,26704.469,1.762
688737.SH,20240813,14.0,14.25,13.93,14.2,14.1,0.1,0.7092,5692.69,8034.153,1.409
600868.SH,20240813,1.71,1.72,1.68,1.72,1.71,0.01,0.5848,129478.67,22031.769,28.262
600004.SH,20240813,9.27,9.33,9.19,9.33,9.27,0.06,0.6472,74354.26,68849.083,2.6384
603081.SH,20240813,9.32,9.39,9.23,9.37,9.31,0.06,0.6445,11100.0,10335.285,1.0756
600814.SH,20240813,6.02,6.04,5.96,6.01,6.0,0.01,0.1667,25290.0,15172.473,6.669
002962.SZ,20240813,13.35,13.95,13.24,13.74,13.34,0.4,2.9985,124749.92,170657.407,1.545
000776.SZ,20240813,12.0,12.07,11.91,12.06,12.0,0.06,0.5,121737.13,145896.877,6.231
600287.SH,20240813,2.8,2.85,2.8,2.83,2.8,0.03,1.0714,50616.93,14317.706,5.275
300537.SZ,20240813,14.65,14.92,14.58,14.92,14.7,0.22,1.4966,30201.6,44651.311,1.633
000828.SZ,20240813,9.76,9.96,9.76,9.96,9.8,0.16,1.6327,97339.77,96077.431,4.112
605499.SH,20240813,235.14,237.0,234.6,236.35,235.29,1.06,0.4505,7102.22,167505.148,1.043
605299.SH,20240813,7.32,7.38,7.23,7.31,7.32,-0.01,-0.1366,16586.38,12082.533,1.105
603976.SH,20240813,15.25,15.25,14.69,14.86,15.3,-0.44,-2.8758,20996.0,31199.106,1.484
002451.SZ,20240813,4.89,4.97,4.82,4.96,4.89,0.07,1.4315,38410.0,18920.878,3.067
002376.SZ,20240813,5.2,5.25,5.14,5.24,5.19,0.05,0.9634,34084.01,17750.571,5.008
603848.SH,20240813,12.7,12.7,12.43,12.56,12.63,-0.07,-0.5542,10363.0,12988.801,1.1171
603888.SH,20240813,19.5,19.52,19.23,19.45,19.4,0.05,0.2577,24154.0,46764.341,2.7172
002418.SZ,20240813,1.9,1.98,1.88,1.98,1.8,0.18,10.0,207956.0,40745.781,4.997
603809.SH,20240813,7.36,7.47,7.33,7.45,7.37,0.08,1.0855,36337.41,26880.283,6.072
002199.SZ,20240813,5.38,5.54,5.36,5.45,5.38,0.07,1.3011,67573.0,36718.037,2.632
688238.SH,20240813,4.69,4.72,4.54,4.65,4.75,-0.1,-2.1053,84614.53,38995.752,1.3
000504.SZ,20240813,6.98,7.01,6.75,6.86,6.96,-0.1,-1.4368,41249.14,28237.874,2.103
600561.SH,20240813,4.37,4.62,4.34,4.61,4.42,0.19,4.2986,241655.0,108675.197,2.792
300745.SZ,20240813,13.86,13.86,13.38,13.7,13.51,0.19,1.4064,20480.68,27750.043,1.005
300486.SZ,20240813,5.04,5.15,4.96,5.13,5.05,0.08,1.5842,107582.71,54391.663,2.28
000788.SZ,20240813,5.67,5.67,5.54,5.62,5.68,-0.06,-1.0563,61575.67,34490.323,3.7853
601139.SH,20240813,6.69,6.77,6.66,6.76,6.67,0.09,1.3493,61696.6,41507.184,2.566
603533.SH,20240813,16.29,16.43,16.0,16.31,16.29,0.02,0.1228,43097.0,69758.58,1.026
600640.SH,20240813,9.83,9.87,9.65,9.76,9.84,-0.08,-0.813,32444.0,31572.223,8.496
600378.SH,20240813,28.68,28.68,28.01,28.32,28.38,-0.06,-0.2114,8257.0,23392.197,3.841
301152.SZ,20240813,23.95,26.0,23.68,25.84,23.94,1.9,7.9365,48713.0,123031.554,1.007
601728.SH,20240813,5.7,5.74,5.69,5.73,5.69,0.04,0.703,689888.18,394066.784,1.138
000523.SZ,20240813,2.63,2.67,2.6,2.66,2.63,0.03,1.1407,45205.2,11937.37,6.687
300286.SZ,20240813,17.48,17.72,17.32,17.7,17.46,0.24,1.3746,11963.13,21008.224,7.011
603477.SH,20240813,20.75,22.28,20.69,21.43,20.7,0.73,3.5266,149331.92,322932.672,1.03
000063.SZ,20240813,25.61,25.84,25.46,25.84,25.55,0.29,1.135,255995.38,656342.536,16.7756
603365.SH,20240813,14.2,14.26,13.58,13.74,14.14,-0.4,-2.8289,25363.0,34956.105,1.3195
600433.SH,20240813,2.74,2.77,2.71,2.75,2.74,0.01,0.365,52799.0,14469.366,7.091
920871.BJ,20240813,6.35,6.49,6.23,6.34,6.36,-0.02,-0.3145,5514.99,3505.405,1.3759
603983.SH,20240813,23.35,23.8,23.2,23.51,23.49,0.02,0.0851,12307.0,28819.22,1.046
300512.SZ,20240813,5.6,5.75,5.45,5.75,5.62,0.13,2.3132,57297.69,32275.137,3.389
688023.SH,20240813,27.74,28.1,27.34,28.0,27.7,0.3,1.083,12893.05,35776.605,1.3005
300252.SZ,20240813,6.74,6.8,6.58,6.73,6.69,0.04,0.5979,184403.96,122947.384,4.976
605068.SH,20240813,12.95,13.11,12.82,13.09,13.0,0.09,0.6923,10239.56,13291.183,1.039
600798.SH,20240813,2.77,2.8,2.76,2.79,2.78,0.01,0.3597,33849.5,9423.993,8.537
603007.SH,20240813,5.37,5.43,5.35,5.36,5.37,-0.01,-0.1862,7551.0,4051.14,2.572
000564.SZ,20240813,1.68,1.7,1.67,1.69,1.68,0.01,0.5952,665033.48,112088.578,7.182
600187.SH,20240813,2.65,2.84,2.44,2.7,2.71,-0.01,-0.369,1616382.34,425177.105,4.558
688091.SH,20240813,25.19,25.72,24.47,25.45,25.29,0.16,0.6327,34089.58,85122.691,1.967
688247.SH,20240813,8.83,8.85,8.64,8.8,8.86,-0.06,-0.6772,18941.18,16528.004,1.0099
600356.SH,20240813,6.1,6.14,6.04,6.14,6.1,0.04,0.6557,18309.0,11151.951,2.214
001300.SZ,20240813,10.55,10.55,10.32,10.51,10.44,0.07,0.6705,25157.0,26278.329,1.005
603779.SH,20240813,7.95,8.16,7.76,8.11,7.98,0.13,1.6291,31662.35,25236.231,1.472
688347.SH,20240813,31.79,31.94,31.22,31.59,31.77,-0.18,-0.5666,61855.73,195563.985,1.004
301328.SZ,20240813,34.75,35.65,34.74,35.63,34.86,0.77,2.2088,7657.0,27069.262,1.521
603508.SH,20240813,18.86,19.4,18.86,19.35,18.96,0.39,2.057,50147.92,96353.087,2.287
601997.SH,20240813,5.1,5.15,5.09,5.13,5.11,0.02,0.3914,206592.45,105857.843,1.919
688163.SH,20240813,13.25,13.3,13.06,13.21,13.15,0.06,0.4563,5379.36,7078.301,1.082
600510.SH,20240813,3.66,3.7,3.6,3.66,3.64,0.02,0.5495,41140.0,15019.099,6.57
301083.SZ,20240813,13.2,13.42,13.1,13.42,13.14,0.28,2.1309,22797.63,30286.356,1.012
603950.SH,20240813,12.6,12.71,12.51,12.66,12.62,0.04,0.317,14921.6,18807.537,1.509
300243.SZ,20240813,8.13,8.22,8.01,8.22,8.11,0.11,1.3564,29646.0,24091.137,4.5693
600603.SH,20240813,4.95,4.96,4.85,4.91,4.96,-0.05,-1.0081,99163.0,48506.295,184.752
300272.SZ,20240813,4.88,4.9,4.78,4.88,4.9,-0.02,-0.4082,87366.0,42265.589,6.111
300560.SZ,20240813,10.12,10.19,9.92,10.18,10.05,0.13,1.2935,42122.0,42316.127,2.772
301195.SZ,20240813,28.06,28.47,27.75,28.42,28.0,0.42,1.5,8807.99,24764.896,1.549
002104.SZ,20240813,5.04,5.08,4.99,5.08,5.03,0.05,0.994,39212.0,19764.228,6.9392
000833.SZ,20240813,5.03,5.09,4.96,5.08,5.04,0.04,0.7937,48644.48,24497.648,2.058
002076.SZ,20240813,1.52,1.64,1.5,1.58,1.53,0.05,3.268,303307.54,47687.388,6.72
600189.SH,20240813,7.2,7.28,7.05,7.26,7.19,0.07,0.9736,56883.87,40905.275,2.744
002466.SZ,20240813,27.12,28.07,26.7,27.67,27.1,0.57,2.1033,215554.08,590132.236,8.411
300283.SZ,20240813,4.55,4.71,4.5,4.66,4.56,0.1,2.193,72534.5,33468.663,6.284
688702.SH,20240813,40.05,40.68,39.83,40.5,40.15,0.35,0.8717,6515.26,26285.71,1.0
601086.SH,20240813,3.63,3.66,3.59,3.65,3.65,0.0,0.0,45267.0,16429.323,1.366
000905.SZ,20240813,5.73,5.81,5.73,5.8,5.75,0.05,0.8696,25324.0,14630.975,2.701
600622.SH,20240813,1.85,1.86,1.8,1.85,1.85,0.0,0.0,88094.7,16147.608,231.789
300899.SZ,20240813,18.6,19.25,18.37,19.25,18.78,0.47,2.5027,23112.98,43764.22,1.052
002991.SZ,20240813,51.42,51.72,50.4,51.0,51.5,-0.5,-0.9709,9054.58,46027.068,1.0957
003816.SZ,20240813,4.66,4.75,4.66,4.71,4.69,0.02,0.4264,866324.1,407039.374,1.1393
603283.SH,20240813,58.31,58.95,55.5,56.33,58.28,-1.95,-3.3459,80939.87,456339.619,1.089
002651.SZ,20240813,5.2,5.43,5.14,5.28,5.29,-0.01,-0.189,457464.23,240600.812,3.1549
600916.SH,20240813,8.8,8.91,8.75,8.8,8.75,0.05,0.5714,145115.55,128127.697,1.105
600035.SH,20240813,4.32,4.4,4.32,4.4,4.33,0.07,1.6166,120330.0,52592.745,3.539
603022.SH,20240813,6.59,6.6,6.48,6.6,6.55,0.05,0.7634,14586.0,9561.41,2.582
002546.SZ,20240813,3.09,3.15,3.08,3.15,3.12,0.03,0.9615,56607.0,17710.188,10.982
920261.BJ,20240813,6.71,6.83,6.71,6.83,6.81,0.02,0.2937,848.24,574.671,5.0797
920223.BJ,20240813,4.36,4.5,4.21,4.33,4.29,0.04,0.9324,63337.58,27627.88,1.0
300949.SZ,20240813,28.42,29.31,28.08,29.18,28.42,0.76,2.6742,7664.0,22084.676,1.0
301107.SZ,20240813,21.8,22.3,21.68,22.16,21.89,0.27,1.2334,5613.0,12341.235,1.035
603766.SH,20240813,6.16,6.25,6.07,6.19,6.21,-0.02,-0.3221,153474.53,94501.124,3.205
600226.SH,20240813,2.07,2.1,2.05,2.08,2.07,0.01,0.4831,79208.53,16415.205,28.613
603008.SH,20240813,15.36,15.36,14.97,15.3,15.34,-0.04,-0.2608,19780.39,29971.826,1.651
601908.SH,20240813,2.34,2.42,2.32,2.4,2.37,0.03,1.2658,160553.48,38075.385,4.3502
601800.SH,20240813,8.46,8.65,8.43,8.63,8.47,0.16,1.889,243752.0,208349.532,1.4164
688189.SH,20240813,6.53,6.64,6.34,6.64,6.56,0.08,1.2195,62058.33,40225.224,1.976
600183.SH,20240813,18.43,18.9,18.4,18.82,18.43,0.39,2.1161,140637.36,262436.801,13.355
601199.SH,20240813,5.08,5.18,5.08,5.16,5.12,0.04,0.7813,56838.0,29227.303,4.8328
000417.SZ,20240813,4.21,4.25,4.18,4.22,4.22,0.0,0.0,55827.62,23498.693,18.6705
300906.SZ,20240813,20.13,20.47,19.71,20.0,20.23,-0.23,-1.1369,11945.0,23927.971,1.057
002266.SZ,20240813,2.92,2.97,2.9,2.96,2.93,0.03,1.0239,133730.9,39346.678,11.635
688052.SH,20240813,101.0,101.68,97.16,98.6,100.57,-1.97,-1.9588,9994.53,98831.744,1.407
603583.SH,20240813,16.45,16.78,16.45,16.74,16.52,0.22,1.3317,42823.0,71242.823,3.014
300751.SZ,20240813,103.5,104.19,101.58,102.9,104.0,-1.1,-1.0577,13539.97,138509.757,4.735
920564.BJ,20240813,11.29,11.45,10.75,11.09,11.27,-0.18,-1.5972,35085.49,38629.31,2.4411
603602.SH,20240813,13.19,13.19,12.9,13.16,13.15,0.01,0.076,46432.07,60502.453,2.6048
688607.SH,20240813,10.97,10.98,10.68,10.91,10.9,0.01,0.0917,6309.28,6838.677,1.023
605369.SH,20240813,29.5,29.5,28.88,29.3,29.5,-0.2,-0.678,3651.37,10630.198,2.0759
600421.SH,20240813,5.65,6.22,5.58,6.22,5.65,0.57,10.0885,36312.0,21788.066,1.921
300051.SZ,20240813,6.43,6.99,6.26,6.72,6.53,0.19,2.9096,87797.0,58204.398,6.285
603186.SH,20240813,19.37,19.58,19.14,19.45,19.3,0.15,0.7772,13600.0,26311.241,1.06
002863.SZ,20240813,3.69,3.72,3.63,3.72,3.69,0.03,0.813,61793.7,22733.176,1.7352
002849.SZ,20240813,10.11,10.19,9.94,10.19,10.07,0.12,1.1917,15852.45,15979.763,2.158
603325.SH,20240813,61.77,61.99,60.6,61.93,61.93,0.0,0.0,2591.08,15881.03,1.0193
600975.SH,20240813,6.31,6.74,6.26,6.54,6.3,0.24,3.8095,701975.0,457241.359,7.316
002244.SZ,20240813,8.05,8.11,7.92,8.03,8.09,-0.06,-0.7417,306327.22,245442.511,6.569
688501.SH,20240813,11.79,11.92,11.55,11.72,11.89,-0.17,-1.4298,11517.07,13485.47,1.3437
300627.SZ,20240813,28.47,29.0,28.38,28.99,28.57,0.42,1.4701,53281.94,153288.296,4.181
600064.SH,20240813,6.06,6.08,6.01,6.06,6.06,0.0,0.0,87154.6,52702.29,30.9493
002102.SZ,20240813,2.83,2.9,2.71,2.76,2.91,-0.15,-5.1546,1241443.11,344743.939,9.212
600360.SH,20240813,3.33,3.46,3.33,3.41,3.39,0.02,0.59,193375.2,65704.197,7.8825
300025.SZ,20240813,8.42,8.47,8.22,8.42,8.38,0.04,0.4773,36870.13,30673.676,7.955
600415.SH,20240813,7.49,7.52,7.35,7.44,7.48,-0.04,-0.5348,135178.95,100048.327,43.093
603030.SH,20240813,1.89,1.91,1.87,1.89,1.9,-0.01,-0.5263,55918.53,10551.746,3.589
002625.SZ,20240813,16.6,16.77,16.3,16.5,16.64,-0.14,-0.8413,135886.6,224113.534,6.69
002724.SZ,20240813,4.19,4.23,4.11,4.22,4.18,0.04,0.9569,28855.0,12061.951,1.997
002478.SZ,20240813,4.86,4.88,4.83,4.87,4.86,0.01,0.2058,33645.0,16349.031,2.805
603020.SH,20240813,6.56,6.61,6.5,6.59,6.59,0.0,0.0,14330.73,9401.168,2.257
601238.SH,20240813,7.55,7.59,7.5,7.57,7.55,0.02,0.2649,89971.52,67837.333,1.794
600188.SH,20240813,14.59,14.59,14.3,14.45,14.54,-0.09,-0.619,168557.85,243253.167,9.0253
002184.SZ,20240813,8.2,8.3,8.1,8.29,8.18,0.11,1.3447,15277.26,12549.949,3.3097
600855.SH,20240813,10.02,10.13,9.81,9.97,10.06,-0.09,-0.8946,152456.15,151284.037,1.643
688337.SH,20240813,25.75,26.14,25.27,25.99,25.76,0.23,0.8929,3933.28,10150.821,1.518
603130.SH,20240813,19.11,19.2,18.8,19.18,19.1,0.08,0.4188,1947.0,3720.459,1.023
300584.SZ,20240813,17.42,17.42,16.47,16.82,17.5,-0.68,-3.8857,49815.95,83837.014,1.574
603768.SH,20240813,10.83,11.09,10.58,11.08,10.89,0.19,1.7447,41764.51,45567.244,1.042
920425.BJ,20240813,9.88,9.97,9.77,9.88,9.86,0.02,0.2028,4436.85,4367.778,2.1432
920556.BJ,20240813,4.31,4.36,4.23,4.35,4.36,-0.01,-0.2294,7348.55,3144.901,3.669
603011.SH,20240813,5.59,5.65,5.51,5.64,5.58,0.06,1.0753,42377.0,23694.698,2.098
002662.SZ,20240813,2.81,2.84,2.79,2.84,2.81,0.03,1.0676,87065.15,24490.466,4.991
301061.SZ,20240813,42.95,44.2,42.64,43.94,43.32,0.62,1.4312,5996.7,26032.644,2.235
601512.SH,20240813,7.69,7.69,7.55,7.64,7.64,0.0,0.0,25100.29,19152.732,1.1579
601288.SH,20240813,4.64,4.7,4.62,4.66,4.64,0.02,0.431,2930700.61,1366129.81,2.113
301345.SZ,20240813,44.65,45.66,44.65,45.65,44.65,1.0,2.2396,5672.33,25588.347,1.053
002352.SZ,20240813,34.57,34.6,33.87,34.1,34.52,-0.42,-1.2167,77901.47,265640.902,3.58
600116.SH,20240813,6.91,6.99,6.89,6.98,6.91,0.07,1.013,83911.0,58311.997,6.5817
002707.SZ,20240813,6.25,6.3,6.12,6.2,6.25,-0.05,-0.8,144118.0,89071.881,12.155
688253.SH,20240813,38.93,39.89,38.62,39.87,39.76,0.11,0.2767,19287.34,75774.967,1.017
300398.SZ,20240813,11.28,11.45,11.25,11.44,11.31,0.13,1.1494,48307.0,54921.963,5.6498
001318.SZ,20240813,10.13,10.15,10.04,10.13,10.11,0.02,0.1978,7754.0,7812.274,1.0268
003040.SZ,20240813,10.25,10.38,10.15,10.28,10.26,0.02,0.1949,33039.0,33814.04,1.0278
688575.SH,20240813,20.3,20.3,19.34,19.5,20.0,-0.5,-2.5,18316.72,35881.728,1.4707
688230.SH,20240813,31.36,31.73,31.12,31.55,31.34,0.21,0.6701,2724.62,8565.867,2.023
920682.BJ,20240813,4.52,4.56,4.51,4.54,4.55,-0.01,-0.2198,4618.7,2091.131,2.1169
920496.BJ,20240813,4.84,4.92,4.84,4.91,4.89,0.02,0.409,7372.0,3599.523,2.8669
300374.SZ,20240813,14.42,14.44,13.87,14.15,14.43,-0.28,-1.9404,146164.0,205555.397,2.188
600055.SH,20240813,12.75,12.86,12.43,12.58,12.76,-0.18,-1.4107,25053.0,31486.903,14.973
300804.SZ,20240813,20.89,22.09,20.33,21.73,20.91,0.82,3.9216,12740.27,27324.253,1.022
300817.SZ,20240813,9.34,9.47,9.21,9.46,9.31,0.15,1.6112,20825.25,19467.083,2.769
000027.SZ,20240813,6.62,6.7,6.62,6.68,6.63,0.05,0.7541,107121.9,71421.944,18.033
301049.SZ,20240813,20.0,20.09,18.81,19.78,20.54,-0.76,-3.7001,45693.94,89465.371,1.011
600395.SH,20240813,5.8,5.8,5.73,5.79,5.78,0.01,0.173,113663.0,65585.358,6.191
003031.SZ,20240813,39.57,39.92,39.1,39.5,39.49,0.01,0.0253,8984.0,35475.255,2.776
600410.SH,20240813,3.74,3.74,3.66,3.72,3.7,0.02,0.5405,65836.0,24325.986,12.667
301043.SZ,20240813,23.59,23.77,23.21,23.76,23.58,0.18,0.7634,5930.15,13954.285,1.059
002668.SZ,20240813,9.16,9.2,8.8,8.96,9.1,-0.14,-1.5385,301750.7,270494.844,4.94
688616.SH,20240813,8.34,8.49,8.3,8.46,8.34,0.12,1.4388,10629.11,8924.23,1.295
600987.SH,20240813,6.94,7.0,6.62,6.75,6.93,-0.18,-2.5974,105304.67,71017.957,7.382
600195.SH,20240813,6.6,6.66,6.53,6.65,6.65,0.0,0.0,59077.36,38969.565,6.5889
000951.SZ,20240813,14.78,15.25,14.65,14.85,14.89,-0.04,-0.2686,127984.36,190580.43,4.945
601016.SH,20240813,2.93,2.96,2.91,2.95,2.94,0.01,0.3401,310139.43,91082.0,2.585
002419.SZ,20240813,4.3,4.32,4.23,4.28,4.29,-0.01,-0.2331,54587.0,23301.206,4.377
605123.SH,20240813,49.75,50.48,49.62,50.11,50.1,0.01,0.02,4167.0,20832.264,1.035
300246.SZ,20240813,6.18,6.19,6.06,6.15,6.17,-0.02,-0.3241,24470.0,14978.694,5.941
601886.SH,20240813,4.67,4.72,4.61,4.71,4.69,0.02,0.4264,66644.0,31171.733,2.653
605128.SH,20240813,22.76,22.85,22.31,22.84,22.59,0.25,1.1067,6590.28,14915.188,1.532
000656.SZ,20240813,1.15,1.21,1.15,1.21,1.15,0.06,5.2174,1939059.59,232121.559,7.43
603606.SH,20240813,48.01,49.17,47.68,48.86,48.41,0.45,0.9296,40906.94,198686.42,4.11
002252.SZ,20240813,7.65,7.7,7.6,7.67,7.68,-0.01,-0.1302,202881.61,155202.757,24.52
000837.SZ,20240813,7.44,7.5,7.31,7.42,7.5,-0.08,-1.0667,117553.77,86795.693,4.047
603056.SH,20240813,12.68,12.85,12.6,12.82,12.72,0.1,0.7862,27289.0,34647.293,1.0454
300769.SZ,20240813,24.48,25.5,24.2,25.2,24.57,0.63,2.5641,83042.55,205886.819,5.291
300099.SZ,20240813,4.65,4.69,4.55,4.65,4.62,0.03,0.6494,138357.0,63879.428,15.204
601066.SH,20240813,19.26,19.47,19.19,19.46,19.29,0.17,0.8813,39306.32,75907.141,1.073
300600.SZ,20240813,5.47,5.91,5.47,5.86,5.5,0.36,6.5455,87852.5,50656.592,2.981
300285.SZ,20240813,16.9,17.06,16.72,16.97,16.92,0.05,0.2955,40798.0,68896.98,12.537
600330.SH,20240813,6.19,6.25,6.14,6.24,6.17,0.07,1.1345,57344.2,35534.5,5.049
002681.SZ,20240813,3.28,3.31,3.24,3.31,3.28,0.03,0.9146,128577.0,42139.892,10.623
688117.SH,20240813,23.99,24.0,23.3,23.57,23.49,0.08,0.3406,18654.15,43963.388,1.434
002537.SZ,20240813,5.1,5.14,5.03,5.09,5.1,-0.01,-0.1961,61798.4,31407.171,6.888
002729.SZ,20240813,9.52,10.18,9.4,10.18,9.25,0.93,10.0541,60062.42,60510.451,2.792
300163.SZ,20240813,1.39,1.44,1.38,1.41,1.4,0.01,0.7143,177986.06,25087.008,6.352
003020.SZ,20240813,18.45,18.76,18.12,18.7,18.44,0.26,1.41,13240.44,24513.99,2.145
603278.SH,20240813,5.52,5.55,5.41,5.51,5.57,-0.06,-1.0772,161445.34,88323.633,1.4695
002977.SZ,20240813,27.76,27.92,27.37,27.82,27.57,0.25,0.9068,15745.48,43610.431,1.718
600859.SH,20240813,13.71,13.9,13.59,13.85,13.73,0.12,0.874,217879.31,299753.262,4.7543
301246.SZ,20240813,12.79,12.8,12.5,12.68,12.8,-0.12,-0.9375,38021.15,48038.566,1.0069
688519.SH,20240813,18.85,19.46,18.85,19.46,19.04,0.42,2.2059,12183.88,23401.807,1.027
688208.SH,20240813,23.59,23.73,23.26,23.7,23.56,0.14,0.5942,26223.68,61539.976,1.034
300793.SZ,20240813,11.66,13.3,11.66,12.4,11.7,0.7,5.9829,178872.21,222491.03,1.655
603065.SH,20240813,8.8,9.28,7.88,7.94,8.69,-0.75,-8.6306,188493.63,159537.884,1.024
300187.SZ,20240813,4.7,5.36,4.53,4.81,5.03,-0.22,-4.3738,453317.8,221914.889,9.699
600008.SH,20240813,2.93,2.96,2.9,2.94,2.94,0.0,0.0,581285.25,170060.975,9.556
603387.SH,20240813,7.88,8.0,7.73,7.83,7.92,-0.09,-1.1364,52656.85,41226.389,4.247
688472.SH,20240813,9.82,10.22,9.62,10.05,9.85,0.2,2.0305,217825.9,217418.106,1.013
000860.SZ,20240813,16.91,16.98,16.6,16.85,16.91,-0.06,-0.3548,73890.0,123746.182,3.011
301315.SZ,20240813,31.86,32.3,31.39,32.26,32.05,0.21,0.6552,18921.17,60362.679,1.007
300304.SZ,20240813,5.91,6.01,5.89,6.0,5.94,0.06,1.0101,69742.0,41582.276,8.545
002626.SZ,20240813,14.65,14.72,14.41,14.57,14.72,-0.15,-1.019,54333.0,78910.069,8.23
688035.SH,20240813,26.31,26.47,25.67,26.27,26.31,-0.04,-0.152,11243.66,29297.972,1.013
688102.SH,20240813,8.02,8.08,7.84,8.01,8.01,0.0,0.0,38844.09,30917.805,1.8514
300444.SZ,20240813,5.7,5.85,5.7,5.85,5.79,0.06,1.0363,86303.19,50025.147,4.048
002353.SZ,20240813,31.24,31.63,30.88,31.35,31.27,0.08,0.2558,41239.0,128590.78,8.491
603393.SH,20240813,33.16,34.0,33.16,33.55,33.15,0.4,1.2066,35680.73,120025.152,2.8332
300664.SZ,20240813,4.39,4.46,4.37,4.44,4.42,0.02,0.4525,70955.67,31334.195,1.6001
000525.SZ,20240813,7.96,8.09,7.77,8.09,7.7,0.39,5.0649,108591.84,86806.254,7.524
002938.SZ,20240813,35.41,36.3,34.88,35.26,35.3,-0.04,-0.1133,101607.0,359538.468,1.113
600148.SH,20240813,12.47,12.75,12.4,12.68,12.48,0.2,1.6026,11889.0,15009.42,2.8663
601077.SH,20240813,5.0,5.13,4.98,5.07,4.98,0.09,1.8072,384238.2,195145.972,1.3433
300765.SZ,20240813,23.5,23.9,23.0,23.33,23.46,-0.13,-0.5541,55609.42,129252.21,6.104
000528.SZ,20240813,9.57,9.7,9.5,9.65,9.58,0.07,0.7307,100388.6,96231.402,12.819
688005.SH,20240813,21.96,22.33,21.65,22.0,21.92,0.08,0.365,45201.73,99028.907,1.0244
600851.SH,20240813,5.28,5.29,5.13,5.21,5.37,-0.16,-2.9795,148771.67,77387.989,12.1711
600529.SH,20240813,24.46,24.69,24.3,24.51,24.54,-0.03,-0.1222,32579.39,79677.356,8.3622
601827.SH,20240813,8.81,9.0,8.81,8.96,8.85,0.11,1.2429,37335.9,33359.622,1.109
688535.SH,20240813,57.89,59.18,57.89,58.89,58.27,0.62,1.064,5658.89,33156.378,1.007
002727.SZ,20240813,13.1,13.11,12.82,12.99,13.13,-0.14,-1.0663,95171.8,122971.98,2.25
002641.SZ,20240813,3.83,3.88,3.8,3.88,3.84,0.04,1.0417,45882.3,17645.048,6.4574
002846.SZ,20240813,6.56,6.67,6.5,6.66,6.56,0.1,1.5244,31852.92,21048.983,2.643
600821.SH,20240813,5.18,5.22,5.16,5.22,5.17,0.05,0.9671,63390.0,32961.58,4.584
000007.SZ,20240813,4.64,4.66,4.5,4.6,4.62,-0.02,-0.4329,17735.5,8092.788,8.284
002412.SZ,20240813,5.69,5.72,5.6,5.66,5.73,-0.07,-1.2216,57867.0,32692.907,7.684
688307.SH,20240813,18.61,19.29,18.5,19.02,18.72,0.3,1.6026,8216.5,15586.838,1.022
002196.SZ,20240813,4.26,4.33,4.19,4.28,4.25,0.03,0.7059,183277.43,78013.191,2.797
688122.SH,20240813,36.24,36.33,35.73,36.12,35.93,0.19,0.5288,19878.32,71674.156,1.4827
920247.BJ,20240813,12.96,12.96,12.56,12.72,12.65,0.07,0.5534,9776.97,12450.021,2.6974
300783.SZ,20240813,17.52,17.59,17.22,17.46,17.5,-0.04,-0.2286,50825.07,88043.905,1.036
000100.SZ,20240813,3.67,3.72,3.66,3.72,3.67,0.05,1.3624,1214883.95,448064.687,3.725
002021.SZ,20240813,1.62,1.64,1.6,1.63,1.63,0.0,0.0,270458.3,43678.457,11.601
603993.SH,20240813,7.18,7.22,7.07,7.18,7.12,0.06,0.8427,855463.3,610570.306,3.5709
000573.SZ,20240813,2.2,2.22,2.16,2.21,2.2,0.01,0.4545,44032.0,9665.909,8.454
300408.SZ,20240813,31.67,32.13,31.48,31.72,31.69,0.03,0.0947,74165.65,235250.521,4.3815
301042.SZ,20240813,29.19,29.71,29.19,29.67,29.19,0.48,1.6444,3493.0,10302.279,1.138
600780.SH,20240813,5.25,5.3,5.16,5.24,5.27,-0.03,-0.5693,65349.0,33994.349,11.9387
603916.SH,20240813,6.62,7.29,6.5,7.29,6.63,0.66,9.9548,169416.81,119919.868,1.346
600797.SH,20240813,4.53,4.57,4.47,4.56,4.5,0.06,1.3333,48205.0,21808.693,12.785
301329.SZ,20240813,16.03,16.43,16.01,16.43,16.09,0.34,2.1131,13282.18,21618.675,1.014
600192.SH,20240813,4.98,5.93,4.91,5.73,5.43,0.3,5.5249,1003495.21,544712.972,1.781
600556.SH,20240813,3.55,3.61,3.5,3.57,3.58,-0.01,-0.2793,151786.0,53838.39,4.9404
688276.SH,20240813,29.62,29.68,29.0,29.57,29.74,-0.17,-0.5716,18247.39,53517.812,1.008
001380.SZ,20240813,16.4,16.73,16.17,16.73,16.36,0.37,2.2616,11814.37,19493.39,1.446
300004.SZ,20240813,4.26,4.26,4.16,4.26,4.22,0.04,0.9479,49087.0,20675.407,4.075
002880.SZ,20240813,27.89,27.89,27.43,27.77,27.69,0.08,0.2889,3709.78,10234.558,2.2006
601881.SH,20240813,10.57,10.75,10.53,10.75,10.55,0.2,1.8957,340821.47,362622.935,1.1575
001256.SZ,20240813,13.36,13.44,13.15,13.44,13.24,0.2,1.5106,5006.0,6673.942,1.023
603018.SH,20240813,8.42,8.51,8.37,8.49,8.4,0.09,1.0714,74171.32,62555.347,7.6742
300245.SZ,20240813,5.51,5.57,5.42,5.56,5.48,0.08,1.4599,54854.0,30200.373,4.079
000799.SZ,20240813,40.03,40.03,39.4,39.96,40.06,-0.1,-0.2496,23625.72,93814.812,2.1292
601882.SH,20240813,21.17,21.32,20.95,21.23,21.17,0.06,0.2834,13745.37,29031.142,1.087
301101.SZ,20240813,20.47,23.97,20.4,22.48,20.68,1.8,8.7041,106760.11,240360.845,1.544
603903.SH,20240813,6.12,6.18,5.96,6.18,6.13,0.05,0.8157,34951.52,21260.372,2.13
688260.SH,20240813,12.21,12.54,12.06,12.45,12.29,0.16,1.3019,18510.1,22836.862,1.005
300683.SZ,20240813,23.11,23.22,22.72,22.94,23.11,-0.17,-0.7356,7997.0,18285.155,1.016
000036.SZ,20240813,2.91,2.92,2.88,2.91,2.91,0.0,0.0,51415.9,14895.959,12.84
300443.SZ,20240813,15.85,16.15,15.61,15.98,15.88,0.1,0.6297,49830.0,79226.722,4.279
688277.SH,20240813,7.25,7.29,7.1,7.21,7.26,-0.05,-0.6887,16399.51,11778.979,1.0
002294.SZ,20240813,28.94,29.07,28.67,28.9,28.93,-0.03,-0.1037,19816.0,57121.959,11.786
600255.SH,20240813,1.79,1.81,1.77,1.79,1.79,0.0,0.0,119559.0,21329.055,13.598
301216.SZ,20240813,11.2,11.28,11.15,11.24,11.22,0.02,0.1783,10177.5,11409.546,1.5476
601866.SH,20240813,2.37,2.4,2.35,2.37,2.36,0.01,0.4237,351667.0,83473.061,1.196
603927.SH,20240813,15.96,16.16,15.91,16.1,16.04,0.06,0.3741,30317.88,48580.253,2.126
301232.SZ,20240813,25.8,26.18,25.51,26.09,26.1,-0.01,-0.0383,28771.2,74357.352,1.428
300317.SZ,20240813,3.52,3.53,3.42,3.48,3.54,-0.06,-1.6949,151638.0,52412.945,2.767
002624.SZ,20240813,7.68,7.72,7.55,7.65,7.67,-0.02,-0.2608,133276.0,101485.364,3.658
603373.SH,20240813,26.22,26.56,26.16,26.56,26.34,0.22,0.8352,20454.53,53958.048,1.016
003030.SZ,20240813,13.76,13.77,13.53,13.74,13.74,0.0,0.0,4284.0,5851.368,1.032
600085.SH,20240813,36.88,36.93,35.95,36.4,36.93,-0.53,-1.4351,108038.12,391236.237,11.8142
688395.SH,20240813,13.22,13.4,13.11,13.35,13.19,0.16,1.213,1366.3,1817.986,1.042
688314.SH,20240813,19.01,19.19,18.49,18.71,19.3,-0.59,-3.057,9722.07,18255.17,1.465
603538.SH,20240813,12.07,12.29,11.89,12.05,12.28,-0.23,-1.873,28861.87,34763.309,1.7389
600480.SH,20240813,8.35,8.44,8.29,8.43,8.4,0.03,0.3571,67863.46,56807.145,3.1373
600812.SH,20240813,4.93,4.98,4.88,4.94,4.97,-0.03,-0.6036,116883.31,57559.048,4.04
300814.SZ,20240813,23.3,23.73,23.2,23.63,23.23,0.4,1.7219,14084.0,33086.512,1.02
688728.SH,20240813,11.0,11.16,10.99,11.15,10.99,0.16,1.4559,54353.76,60176.147,1.0029
300818.SZ,20240813,21.21,21.45,20.96,21.29,21.2,0.09,0.4245,7480.6,15858.242,2.149
600271.SH,20240813,7.95,8.02,7.91,8.02,8.0,0.02,0.25,75684.0,60303.201,20.144
000966.SZ,20240813,4.21,4.28,4.2,4.28,4.25,0.03,0.7059,84170.34,35756.484,3.984
300129.SZ,20240813,6.8,6.86,6.65,6.84,6.76,0.08,1.1834,75472.1,51106.284,6.262
600376.SH,20240813,2.28,2.33,2.19,2.29,2.26,0.03,1.3274,215657.59,48900.42,10.622
300693.SZ,20240813,19.9,20.47,19.56,20.3,19.96,0.34,1.7034,64783.77,130239.579,3.525
002667.SZ,20240813,5.15,5.31,5.06,5.27,5.18,0.09,1.7375,77289.0,40128.031,3.469
688503.SH,20240813,26.19,26.8,26.06,26.63,26.45,0.18,0.6805,7101.48,18753.536,2.219
000792.SZ,20240813,14.43,14.62,14.33,14.5,14.41,0.09,0.6246,163951.0,237229.326,7.369
605117.SH,20240813,94.7,96.5,93.07,94.98,94.33,0.65,0.6891,49262.26,466093.717,3.679
688779.SH,20240813,4.52,4.63,4.44,4.59,4.49,0.1,2.2272,114287.63,51857.831,1.027
688081.SH,20240813,8.51,8.8,8.46,8.68,8.57,0.11,1.2835,6415.0,5538.462,1.42
300022.SZ,20240813,3.65,3.71,3.61,3.7,3.66,0.04,1.0929,34797.0,12770.173,4.054
920123.BJ,20240813,10.02,10.09,9.85,10.09,9.95,0.14,1.407,3154.38,3147.448,2.238
920274.BJ,20240813,8.6,8.69,8.53,8.67,8.61,0.06,0.6969,794.42,684.987,2.1562
300679.SZ,20240813,31.64,31.89,31.46,31.86,31.65,0.21,0.6635,28269.0,89491.918,3.694
688608.SH,20240813,155.7,160.46,155.7,160.46,156.07,4.39,2.8128,7783.1,123358.164,1.004
605033.SH,20240813,11.64,11.74,11.37,11.74,11.55,0.19,1.645,10561.0,12260.284,1.032
002462.SZ,20240813,11.45,11.46,11.3,11.38,11.42,-0.04,-0.3503,14963.0,16996.666,1.8376
603955.SH,20240813,7.85,7.95,7.62,7.89,8.13,-0.24,-2.952,63430.0,49749.764,1.346
600152.SH,20240813,4.95,5.22,4.88,5.13,4.93,0.2,4.0568,130526.01,66265.187,3.065
301175.SZ,20240813,4.59,4.7,4.53,4.65,4.65,0.0,0.0,192166.34,88660.684,1.028
300617.SZ,20240813,24.66,25.16,24.6,25.09,24.66,0.43,1.7437,7266.14,18120.05,2.104
605296.SH,20240813,32.81,34.36,32.7,33.08,32.82,0.26,0.7922,31355.5,104474.128,1.333
601677.SH,20240813,11.66,11.74,11.46,11.62,11.66,-0.04,-0.3431,93429.4,108310.496,1.6025
002468.SZ,20240813,8.52,8.57,8.42,8.54,8.48,0.06,0.7075,54160.0,46012.831,2.247
002436.SZ,20240813,8.7,8.83,8.65,8.82,8.69,0.13,1.496,195304.0,170916.745,13.443
603053.SH,20240813,9.37,9.51,9.36,9.49,9.37,0.12,1.2807,18333.0,17343.458,1.141
600535.SH,20240813,14.09,14.2,13.9,14.19,14.1,0.09,0.6383,161384.07,226624.043,12.897
600882.SH,20240813,14.08,14.13,13.78,14.07,14.08,-0.01,-0.071,23823.01,33230.716,2.379
002919.SZ,20240813,12.22,12.25,11.82,12.01,12.26,-0.25,-2.0392,108533.8,129790.094,3.409
300214.SZ,20240813,5.24,5.25,5.16,5.25,5.21,0.04,0.7678,15320.0,7981.998,3.4069
300196.SZ,20240813,9.32,9.43,9.28,9.41,9.38,0.03,0.3198,9136.0,8549.851,3.625
002241.SZ,20240813,20.54,20.85,20.39,20.7,20.51,0.19,0.9264,425589.79,875600.167,23.491
300201.SZ,20240813,3.27,3.28,3.2,3.25,3.27,-0.02,-0.6116,68499.0,22125.722,10.758
300212.SZ,20240813,16.19,16.39,15.85,16.09,16.12,-0.03,-0.1861,97875.29,156632.403,8.551
000028.SZ,20240813,29.67,29.78,29.05,29.29,29.76,-0.47,-1.5793,45902.0,134164.829,5.602
920946.BJ,20240813,7.38,7.48,7.11,7.32,7.64,-0.32,-4.1885,60868.01,44184.639,2.293
000551.SZ,20240813,9.5,9.62,9.45,9.58,9.57,0.01,0.1045,54656.0,52170.175,7.9326
605339.SH,20240813,15.35,15.49,14.92,15.12,15.52,-0.4,-2.5773,12598.93,19040.617,1.047
301079.SZ,20240813,15.01,15.99,15.0,15.81,15.1,0.71,4.702,124305.7,193964.334,1.312
920510.BJ,20240813,11.05,11.08,10.77,11.04,10.95,0.09,0.8219,7583.76,8322.176,1.6107
002486.SZ,20240813,1.52,1.53,1.47,1.52,1.51,0.01,0.6623,113941.0,17137.626,4.197
600828.SH,20240813,2.44,2.47,2.38,2.45,2.44,0.01,0.4098,85212.21,20705.585,12.353
301059.SZ,20240813,8.6,8.87,8.55,8.87,8.67,0.2,2.3068,8245.5,7211.553,1.971
601678.SH,20240813,3.5,3.52,3.45,3.49,3.51,-0.02,-0.5698,105440.53,36789.674,4.512
300541.SZ,20240813,7.74,7.83,7.71,7.83,7.78,0.05,0.6427,31072.4,24178.605,3.437
600343.SH,20240813,7.92,7.96,7.71,7.84,7.92,-0.08,-1.0101,242964.25,189868.189,3.064
920263.BJ,20240813,4.17,4.27,4.02,4.15,4.3,-0.15,-3.4884,29449.35,12177.052,2.0457
300736.SZ,20240813,8.2,8.23,8.07,8.21,8.18,0.03,0.3667,50053.0,40788.079,2.466
301330.SZ,20240813,20.0,20.27,19.82,20.27,20.09,0.18,0.896,8125.1,16309.186,1.334
600351.SH,20240813,5.9,5.9,5.73,5.82,5.89,-0.07,-1.1885,169669.73,98315.381,7.74
000726.SZ,20240813,5.61,5.63,5.55,5.61,5.61,0.0,0.0,34089.54,19051.907,8.462
002766.SZ,20240813,4.48,4.56,4.46,4.55,4.49,0.06,1.3363,168031.0,75795.87,2.016
605069.SH,20240813,5.99,6.08,5.75,5.97,6.22,-0.25,-4.0193,80964.1,48068.114,1.318
002714.SZ,20240813,44.34,45.2,43.97,44.4,44.39,0.01,0.0225,174017.2,775587.686,18.852
000876.SZ,20240813,9.69,9.86,9.63,9.74,9.68,0.06,0.6198,182187.47,177661.636,18.164
300234.SZ,20240813,3.76,3.87,3.72,3.86,3.93,-0.07,-1.7812,72999.19,27789.483,6.122
600648.SH,20240813,8.95,9.04,8.89,9.04,8.95,0.09,1.0056,21615.2,19386.036,7.8398
300075.SZ,20240813,12.35,12.54,12.31,12.54,12.32,0.22,1.7857,69776.2,86794.675,8.483
600668.SH,20240813,8.98,9.08,8.72,8.81,9.09,-0.28,-3.0803,79077.96,70200.205,7.1608
600135.SH,20240813,4.93,4.98,4.83,4.98,4.94,0.04,0.8097,59603.0,29343.193,2.906
300556.SZ,20240813,15.21,15.68,15.14,15.6,15.34,0.26,1.6949,28031.0,43255.047,1.03
000017.SZ,20240813,5.82,5.89,5.57,5.65,5.71,-0.06,-1.0508,208062.79,117851.636,2.683
001979.SZ,20240813,8.73,8.87,8.67,8.81,8.77,0.04,0.4561,359408.43,315241.153,1.3492
920429.BJ,20240813,9.49,9.53,9.12,9.25,9.54,-0.29,-3.0398,5817.12,5384.21,2.4768
301286.SZ,20240813,27.22,27.23,26.82,27.21,27.05,0.16,0.5915,3763.0,10170.634,1.005
920808.BJ,20240813,33.83,34.5,33.55,33.88,33.91,-0.03,-0.0885,3029.08,10285.262,5.2013
920527.BJ,20240813,6.86,6.92,6.83,6.92,6.86,0.06,0.8746,1332.65,915.386,1.1121
000700.SZ,20240813,5.42,5.48,5.38,5.47,5.44,0.03,0.5515,80022.0,43506.626,17.047
603301.SH,20240813,21.2,21.46,20.91,21.29,21.24,0.05,0.2354,10648.69,22543.651,2.3091
002896.SZ,20240813,26.01,27.07,25.92,26.52,26.15,0.37,1.4149,58506.0,155289.227,1.7783
000663.SZ,20240813,4.27,4.31,4.15,4.3,4.28,0.02,0.4673,46377.0,19711.457,4.049
001258.SZ,20240813,5.98,6.08,5.93,6.06,5.99,0.07,1.1686,36714.76,22075.026,1.018
002847.SZ,20240813,37.65,38.15,37.1,38.0,37.72,0.28,0.7423,16716.97,63097.472,2.279
002612.SZ,20240813,13.9,13.95,13.67,13.88,13.9,-0.02,-0.1439,20271.0,27983.205,2.496
920837.BJ,20240813,5.17,5.25,5.15,5.22,5.2,0.02,0.3846,2215.69,1149.978,1.0997
300840.SZ,20240813,8.43,8.55,8.34,8.53,8.43,0.1,1.1862,46744.0,39482.21,1.0138
600628.SH,20240813,5.92,5.96,5.83,5.9,5.91,-0.01,-0.1692,29590.71,17415.644,48.468
600322.SH,20240813,1.33,1.34,1.31,1.34,1.34,0.0,0.0,116058.21,15416.269,3.15
003011.SZ,20240813,12.26,12.41,12.05,12.4,12.26,0.14,1.1419,6976.4,8556.933,1.521
600131.SH,20240813,16.94,17.35,16.92,17.2,16.96,0.24,1.4151,49996.8,85872.851,5.4217
002613.SZ,20240813,3.54,3.58,3.47,3.58,3.53,0.05,1.4164,87737.86,30921.906,3.7467
301257.SZ,20240813,27.74,27.74,26.9,27.49,27.64,-0.15,-0.5427,9652.7,26240.309,1.309
600132.SH,20240813,61.15,61.29,60.01,60.62,61.03,-0.41,-0.6718,20549.97,124054.705,6.006
300901.SZ,20240813,9.34,9.47,9.2,9.42,9.38,0.04,0.4264,33426.0,31345.567,1.039
300559.SZ,20240813,8.15,8.3,8.02,8.3,8.15,0.15,1.8405,81602.76,66651.749,5.803
920438.BJ,20240813,11.94,12.29,11.86,12.2,12.86,-0.66,-5.1322,34161.54,41311.705,1.0146
002900.SZ,20240813,8.93,8.94,8.76,8.88,8.94,-0.06,-0.6711,23805.0,21085.376,1.73
600319.SH,20240813,3.2,3.27,3.16,3.26,3.22,0.04,1.2422,27380.1,8832.341,1.471
002693.SZ,20240813,5.18,5.4,4.98,5.1,5.06,0.04,0.7905,407248.52,209823.812,3.503
688683.SH,20240813,14.78,15.09,14.77,14.94,14.78,0.16,1.0825,1820.15,2714.313,1.026
600883.SH,20240813,5.7,5.78,5.63,5.76,5.69,0.07,1.2302,16530.0,9453.529,4.8715
300763.SZ,20240813,62.1,63.28,61.03,62.2,61.97,0.23,0.3711,56781.6,351664.383,4.537
300015.SZ,20240813,10.57,10.84,10.43,10.72,10.62,0.1,0.9416,591638.3,628993.264,64.58
002758.SZ,20240813,7.7,7.74,7.63,7.72,7.69,0.03,0.3901,16033.0,12328.444,4.272
688269.SH,20240813,21.71,22.39,21.4,22.26,21.71,0.55,2.5334,6792.27,14862.369,1.466
688468.SH,20240813,6.37,6.37,6.19,6.27,6.34,-0.07,-1.1041,20024.06,12505.799,1.064
688062.SH,20240813,24.17,24.17,23.41,23.96,24.27,-0.31,-1.2773,23877.98,56610.983,1.0
300582.SZ,20240813,8.31,8.4,8.2,8.4,8.26,0.14,1.6949,29422.5,24434.52,2.328
600731.SH,20240813,4.41,4.47,4.36,4.47,4.42,0.05,1.1312,19491.0,8612.182,8.741
300568.SZ,20240813,7.68,7.88,7.6,7.78,7.66,0.12,1.5666,145516.16,112776.689,7.308
300207.SZ,20240813,15.96,16.13,15.92,16.12,16.03,0.09,0.5614,188694.96,302242.326,6.996
600482.SH,20240813,22.3,23.1,22.3,22.59,22.09,0.5,2.2635,205425.69,467698.707,2.941
002291.SZ,20240813,4.39,4.42,4.3,4.4,4.37,0.03,0.6865,123754.12,54072.943,1.726
600130.SH,20240813,3.15,3.19,3.12,3.18,3.16,0.02,0.6329,64547.84,20375.701,6.031
688612.SH,20240813,20.35,20.39,19.96,20.29,20.33,-0.04,-0.1968,10263.13,20698.614,1.02
688618.SH,20240813,20.49,20.54,20.06,20.47,20.34,0.13,0.6391,4300.27,8720.362,2.264
002223.SZ,20240813,35.26,35.3,34.06,35.22,35.23,-0.01,-0.0284,84964.04,294200.645,9.545
601318.SH,20240813,40.62,40.81,40.51,40.78,40.62,0.16,0.3939,166505.99,677002.646,2.9472
000623.SZ,20240813,13.54,13.54,13.41,13.51,13.52,-0.01,-0.074,43919.92,59118.392,23.2806
002068.SZ,20240813,6.34,6.38,6.18,6.28,6.35,-0.07,-1.1024,88763.0,55609.151,5.953
605028.SH,20240813,13.11,13.63,12.99,13.63,13.11,0.52,3.9664,17438.02,23377.448,1.107
601098.SH,20240813,12.51,12.62,12.35,12.5,12.51,-0.01,-0.0799,176183.5,219818.196,1.6351
600061.SH,20240813,5.74,5.8,5.71,5.79,5.75,0.04,0.6957,105803.53,60955.226,9.7185
000590.SZ,20240813,5.46,5.5,5.31,5.49,5.49,0.0,0.0,25239.0,13752.4,4.764
002879.SZ,20240813,13.0,13.22,12.98,13.22,13.03,0.19,1.4582,9786.4,12853.187,1.536
000560.SZ,20240813,2.64,2.77,2.6,2.72,2.67,0.05,1.8727,2429001.6,653434.797,5.302
002731.SZ,20240813,7.83,7.98,7.78,7.86,7.77,0.09,1.1583,27413.44,21525.737,1.7452
002833.SZ,20240813,16.21,16.43,16.2,16.4,16.21,0.19,1.1721,19313.06,31565.144,3.695
605289.SH,20240813,20.57,20.76,20.27,20.75,20.57,0.18,0.8751,9952.63,20458.396,1.292
000810.SZ,20240813,7.66,8.16,7.58,7.96,7.65,0.31,4.0523,308720.02,244494.846,5.591
001286.SZ,20240813,10.2,10.21,10.03,10.12,10.2,-0.08,-0.7843,109815.35,111079.02,1.067
603666.SH,20240813,13.35,13.59,13.2,13.58,13.46,0.12,0.8915,16556.4,22257.331,2.797
300409.SZ,20240813,8.72,8.91,8.61,8.86,8.73,0.13,1.4891,49822.0,43690.989,5.76
688696.SH,20240813,61.26,62.0,60.13,62.0,61.51,0.49,0.7966,3845.41,23422.937,1.4415
003025.SZ,20240813,12.8,13.11,12.8,13.03,12.84,0.19,1.4798,33732.1,43765.543,3.133
600261.SH,20240813,2.71,2.74,2.68,2.74,2.71,0.03,1.107,37886.0,10298.298,23.741
300247.SZ,20240813,2.47,2.5,2.43,2.49,2.48,0.01,0.4032,89699.0,22156.294,6.305
002831.SZ,20240813,23.32,23.42,23.04,23.18,23.3,-0.12,-0.515,11677.44,27019.539,2.45
301047.SZ,20240813,63.2,63.2,61.77,62.99,63.2,-0.21,-0.3323,4516.04,28173.84,2.048
688115.SH,20240813,19.95,20.26,19.75,20.11,19.96,0.15,0.7515,5702.53,11375.58,1.0305
000672.SZ,20240813,6.34,6.4,6.29,6.39,6.33,0.06,0.9479,27051.54,17192.746,8.584
603220.SH,20240813,18.25,18.45,18.04,18.38,18.37,0.01,0.0544,72424.76,132088.745,1.3627
688620.SH,20240813,7.14,7.23,7.09,7.2,7.12,0.08,1.1236,16120.36,11579.644,1.004
002097.SZ,20240813,5.66,5.73,5.62,5.7,5.66,0.04,0.7067,102564.0,58202.068,4.9399
002363.SZ,20240813,5.61,5.66,5.54,5.64,5.6,0.04,0.7143,22803.0,12779.762,2.8542
688768.SH,20240813,23.31,23.76,22.8,23.2,23.17,0.03,0.1295,1548.93,3578.005,1.498
600333.SH,20240813,3.81,3.87,3.79,3.86,3.81,0.05,1.3123,43139.88,16578.172,2.657
920001.BJ,20240813,7.54,8.19,7.42,7.89,7.52,0.37,4.9202,40020.45,31749.045,1.0429
002309.SZ,20240813,1.59,1.59,1.59,1.59,1.51,0.08,5.298,30790.0,4895.61,3.772
605277.SH,20240813,12.52,12.7,12.42,12.62,12.55,0.07,0.5578,39255.54,49305.675,2.471
600346.SH,20240813,13.49,13.56,13.36,13.44,13.48,-0.04,-0.2967,81030.4,108869.169,11.086
600801.SH,20240813,13.7,13.91,13.63,13.87,13.8,0.07,0.5072,21409.08,29498.137,11.696
300604.SZ,20240813,30.93,31.34,30.59,31.14,30.93,0.21,0.679,82377.26,254933.536,6.9606
000049.SZ,20240813,22.92,23.3,22.88,23.15,23.0,0.15,0.6522,57772.44,133213.221,9.259
300241.SZ,20240813,3.8,3.94,3.69,3.86,3.86,0.0,0.0,264441.95,100842.866,4.083
688261.SH,20240813,34.24,34.9,34.11,34.87,34.38,0.49,1.4252,11506.63,39801.745,1.8422
688508.SH,20240813,33.27,34.07,33.27,34.07,33.31,0.76,2.2816,11124.54,37456.466,1.022
603378.SH,20240813,7.61,7.68,7.3,7.5,7.66,-0.16,-2.0888,111556.96,83275.111,2.207
601916.SH,20240813,2.75,2.79,2.75,2.78,2.76,0.02,0.7246,658351.09,182429.177,1.324
000636.SZ,20240813,13.57,13.85,13.56,13.84,13.57,0.27,1.9897,111211.15,153133.738,17.7889
603922.SH,20240813,14.8,15.12,14.8,15.11,15.12,-0.01,-0.0661,4793.2,7180.959,1.4347
300087.SZ,20240813,6.35,6.48,6.29,6.39,6.39,0.0,0.0,120720.59,77031.536,17.546
920663.BJ,20240813,9.01,9.19,8.84,9.06,8.98,0.08,0.8909,1912.72,1716.85,2.9812
002181.SZ,20240813,3.22,3.24,3.17,3.21,3.21,0.0,0.0,34253.0,10971.844,2.271
002236.SZ,20240813,13.7,13.75,13.56,13.69,13.67,0.02,0.1463,129938.9,177088.582,46.014
301009.SZ,20240813,7.61,7.68,7.52,7.68,7.63,0.05,0.6553,11599.34,8840.055,1.0158
002686.SZ,20240813,3.95,4.05,3.92,4.05,3.99,0.06,1.5038,36012.0,14370.832,4.7387
002577.SZ,20240813,11.11,12.02,11.03,11.35,11.1,0.25,2.2523,53478.0,60962.165,2.343
300907.SZ,20240813,16.47,16.85,16.39,16.85,16.47,0.38,2.3072,6516.0,10863.582,1.057
000985.SZ,20240813,12.5,12.52,12.22,12.5,12.35,0.15,1.2146,6746.0,8388.323,1.685
000651.SZ,20240813,40.38,40.45,39.73,40.23,40.33,-0.1,-0.248,194762.07,779962.115,198.944
920174.BJ,20240813,15.11,19.25,15.01,18.5,15.39,3.11,20.2079,86041.81,151211.238,1.2467
600661.SH,20240813,10.5,10.87,10.39,10.7,10.47,0.23,2.1968,138510.01,147365.804,5.11
002027.SZ,20240813,5.88,5.92,5.85,5.91,5.87,0.04,0.6814,528588.16,311144.123,15.482
603815.SH,20240813,5.08,5.18,5.07,5.18,5.11,0.07,1.3699,30137.0,15438.249,1.0535
001211.SZ,20240813,15.42,15.59,15.13,15.5,15.39,0.11,0.7147,4914.0,7541.502,1.039
002330.SZ,20240813,3.9,3.91,3.8,3.87,3.89,-0.02,-0.5141,57245.0,22064.433,2.0597
600072.SH,20240813,12.46,12.66,12.46,12.63,12.48,0.15,1.2019,43830.78,55149.91,4.255
002078.SZ,20240813,13.07,13.18,12.92,13.04,13.09,-0.05,-0.382,70946.75,92522.469,9.0751
002638.SZ,20240813,1.63,1.66,1.61,1.65,1.63,0.02,1.227,64983.0,10637.945,5.047
300106.SZ,20240813,6.07,6.12,5.98,6.12,6.07,0.05,0.8237,32571.0,19752.263,1.525
603190.SH,20240813,20.35,20.58,20.25,20.57,20.5,0.07,0.3415,5600.0,11426.604,1.027
001378.SZ,20240813,22.96,23.3,22.73,23.29,22.96,0.33,1.4373,6796.57,15664.206,1.017
301297.SZ,20240813,18.9,19.23,18.86,19.21,18.93,0.28,1.4791,34069.1,65010.462,1.008
301332.SZ,20240813,8.6,8.73,8.58,8.73,8.65,0.08,0.9249,21128.0,18264.796,1.011
300032.SZ,20240813,3.11,3.4,3.05,3.4,3.17,0.23,7.2555,489259.8,158587.561,4.231
301020.SZ,20240813,16.2,16.51,16.0,16.51,16.19,0.32,1.9765,13343.0,21729.501,1.032
300996.SZ,20240813,14.88,15.16,14.88,15.13,14.96,0.17,1.1364,27970.39,42078.066,2.316
002739.SZ,20240813,10.41,10.48,10.27,10.4,10.45,-0.05,-0.4785,127582.5,131915.903,3.04
300173.SZ,20240813,3.38,3.43,3.35,3.42,3.39,0.03,0.885,73514.0,24909.771,5.327
301258.SZ,20240813,24.42,24.45,23.74,24.17,24.44,-0.27,-1.1047,27583.99,66215.594,1.048
300406.SZ,20240813,14.15,14.32,13.85,14.02,14.07,-0.05,-0.3554,29937.0,41776.959,4.336
300717.SZ,20240813,13.48,13.56,13.23,13.49,13.5,-0.01,-0.0741,19945.0,26698.427,1.695
300430.SZ,20240813,10.7,10.82,10.62,10.78,10.7,0.08,0.7477,47885.0,51295.346,3.909
688315.SH,20240813,10.69,10.69,10.34,10.62,10.68,-0.06,-0.5618,19700.65,20656.236,1.007
300759.SZ,20240813,20.69,20.91,20.48,20.91,20.77,0.14,0.674,89164.71,184426.915,2.313
603858.SH,20240813,15.6,15.65,15.46,15.6,15.58,0.02,0.1284,29412.26,45696.299,2.195
920152.BJ,20240813,8.7,9.49,8.41,8.55,7.97,0.58,7.2773,34896.74,30969.272,1.0507
002947.SZ,20240813,32.0,32.69,31.8,32.47,32.0,0.47,1.4688,28785.59,92684.076,1.802
002431.SZ,20240813,1.55,1.57,1.53,1.56,1.55,0.01,0.6452,102720.5,15930.859,9.844
300278.SZ,20240813,2.85,2.92,2.8,2.91,2.84,0.07,2.4648,186831.03,53640.976,4.37
002237.SZ,20240813,10.59,10.77,10.45,10.58,10.7,-0.12,-1.1215,114511.25,120772.292,8.426
600446.SH,20240813,9.4,9.5,9.32,9.48,9.43,0.05,0.5302,59815.9,56282.009,16.7085
002512.SZ,20240813,3.11,3.14,3.05,3.13,3.11,0.02,0.6431,191551.0,59459.392,6.929
300059.SZ,20240813,10.56,10.73,10.47,10.72,10.55,0.17,1.6114,1428033.5,1515321.128,81.227
002810.SZ,20240813,11.11,11.3,10.98,11.29,11.11,0.18,1.6202,19438.1,21685.008,3.4752
603281.SH,20240813,23.7,24.29,23.57,24.21,23.66,0.55,2.3246,15748.68,37862.051,1.4991
300033.SZ,20240813,100.92,102.7,99.88,102.62,100.47,2.15,2.1399,40929.56,413726.537,9.238
603366.SH,20240813,3.73,3.76,3.65,3.76,3.75,0.01,0.2667,89827.0,33262.613,2.542
600138.SH,20240813,9.58,9.62,9.51,9.62,9.6,0.02,0.2083,57540.0,54999.832,5.393
002769.SZ,20240813,4.84,4.89,4.77,4.86,4.84,0.02,0.4132,25979.0,12539.393,5.137
300775.SZ,20240813,29.47,30.54,29.3,30.11,29.1,1.01,3.4708,159836.0,479414.079,1.0211
920523.BJ,20240813,10.49,10.74,10.38,10.71,10.56,0.15,1.4205,4271.75,4499.591,4.5565
688177.SH,20240813,21.4,21.5,20.32,20.62,21.36,-0.74,-3.4644,30261.1,62459.888,1.0
000953.SZ,20240813,3.74,3.99,3.73,3.88,3.63,0.25,6.8871,866630.34,339697.306,2.608
688352.SH,20240813,9.87,10.05,9.87,10.01,9.84,0.17,1.7276,43494.8,43338.572,1.008
600649.SH,20240813,3.39,3.42,3.35,3.38,3.39,-0.01,-0.295,276222.58,93184.302,15.9521
600638.SH,20240813,3.93,3.95,3.85,3.94,3.95,-0.01,-0.2532,87957.4,34322.811,15.698
603982.SH,20240813,7.59,7.63,7.47,7.63,7.55,0.08,1.0596,21021.1,15877.418,1.015
001208.SZ,20240813,8.03,8.27,7.95,8.21,8.04,0.17,2.1144,128992.23,105294.618,1.021
300991.SZ,20240813,14.51,14.8,14.36,14.8,14.25,0.55,3.8596,70451.8,102833.005,1.632
002458.SZ,20240813,8.65,8.84,8.6,8.69,8.68,0.01,0.1152,45990.0,39998.934,8.454
300237.SZ,20240813,1.29,1.29,1.25,1.29,1.3,-0.01,-0.7692,239685.6,30570.145,17.093
002484.SZ,20240813,12.41,12.52,12.23,12.52,12.38,0.14,1.1309,43657.07,54082.657,4.901
603280.SH,20240813,18.52,18.83,18.4,18.79,18.68,0.11,0.5889,14202.26,26469.619,1.03
605208.SH,20240813,6.15,6.29,6.1,6.29,6.16,0.13,2.1104,36470.36,22619.376,1.7967
002047.SZ,20240813,1.62,1.63,1.61,1.62,1.62,0.0,0.0,91451.85,14802.161,3.257
600847.SH,20240813,6.91,6.95,6.9,6.94,6.92,0.02,0.289,18534.0,12836.637,1.862
000877.SZ,20240813,5.26,5.27,5.17,5.25,5.23,0.02,0.3824,39175.37,20451.356,7.494
601226.SH,20240813,4.76,4.81,4.69,4.8,4.76,0.04,0.8403,46627.0,22186.795,1.6061
002937.SZ,20240813,17.6,17.92,17.57,17.87,17.8,0.07,0.3933,20404.72,36267.385,1.72
600075.SH,20240813,3.79,3.83,3.75,3.83,3.81,0.02,0.5249,41785.45,15869.061,11.112
688011.SH,20240813,13.0,13.23,12.79,13.05,12.86,0.19,1.4774,6352.14,8251.648,1.006
000725.SZ,20240813,3.7,3.73,3.68,3.73,3.7,0.03,0.8108,2280062.01,844659.515,5.359
003005.SZ,20240813,21.11,21.57,21.11,21.49,21.35,0.14,0.6557,12623.0,26982.208,1.43
300171.SZ,20240813,11.41,11.41,11.16,11.35,11.43,-0.08,-0.6999,34710.0,39128.431,9.1089
600793.SH,20240813,8.88,8.88,8.75,8.88,8.84,0.04,0.4525,5946.0,5242.59,2.426
002672.SZ,20240813,3.95,4.18,3.76,3.93,3.91,0.02,0.5115,287182.33,112773.983,6.223
600071.SH,20240813,14.99,15.48,14.9,15.22,14.9,0.32,2.1477,20770.0,31570.511,5.748
002267.SZ,20240813,7.1,7.19,7.1,7.16,7.12,0.04,0.5618,62615.0,44741.092,3.0244
688610.SH,20240813,28.31,28.77,28.14,28.53,28.31,0.22,0.7771,1033.07,2932.255,1.0062
920132.BJ,20240813,7.66,7.68,7.51,7.68,7.61,0.07,0.9198,1211.12,921.472,2.7139
920414.BJ,20240813,6.53,6.83,6.43,6.72,6.61,0.11,1.6641,21542.0,14384.627,5.6137
600879.SH,20240813,7.61,7.75,7.57,7.74,7.6,0.14,1.8421,401461.2,308071.298,37.144
001696.SZ,20240813,12.7,12.88,12.4,12.8,12.7,0.1,0.7874,1103502.5,1397869.706,28.19
603392.SH,20240813,70.98,73.32,67.59,68.19,67.62,0.57,0.8429,73036.01,514376.59,2.89
002582.SZ,20240813,5.19,5.25,5.1,5.15,5.2,-0.05,-0.9615,44079.06,22702.903,5.057
002155.SZ,20240813,15.85,16.02,15.54,15.79,15.59,0.2,1.2829,280331.5,441349.728,2.748
002285.SZ,20240813,1.92,2.04,1.92,1.92,2.13,-0.21,-9.8592,1753166.18,341291.376,14.703
603890.SH,20240813,7.92,8.15,7.9,8.15,7.92,0.23,2.904,63182.34,50842.526,2.956
300109.SZ,20240813,11.61,11.61,11.38,11.53,11.61,-0.08,-0.6891,38036.04,43622.474,7.216
920163.BJ,20240813,14.95,15.35,14.9,15.12,14.94,0.18,1.2048,1932.93,2937.435,1.7082
000686.SZ,20240813,5.8,5.89,5.71,5.87,5.79,0.08,1.3817,146196.62,85066.05,13.78
600409.SH,20240813,5.53,5.58,5.51,5.58,5.53,0.05,0.9042,108428.5,60174.989,7.481
600463.SH,20240813,8.54,8.62,8.37,8.62,8.54,0.08,0.9368,24985.0,21260.352,2.934
300235.SZ,20240813,7.89,7.94,7.7,7.86,7.91,-0.05,-0.6321,76195.5,59509.5,5.617
600176.SH,20240813,10.15,10.21,9.99,10.21,10.19,0.02,0.1963,86629.26,87539.471,18.855
688239.SH,20240813,29.53,30.3,29.53,30.04,29.71,0.33,1.1107,24178.74,72403.712,1.014
300205.SZ,20240813,6.54,6.65,6.54,6.59,6.55,0.04,0.6107,17297.0,11402.86,5.712
920476.BJ,20240813,7.36,7.38,7.18,7.25,7.39,-0.14,-1.8945,3980.81,2890.215,3.8637
002393.SZ,20240813,16.68,16.82,16.4,16.8,16.92,-0.12,-0.7092,23018.0,38295.019,1.728
301141.SZ,20240813,29.2,29.63,28.96,29.63,28.89,0.74,2.5614,13215.2,38745.407,1.417
300073.SZ,20240813,28.25,28.95,28.21,28.82,28.43,0.39,1.3718,68042.84,194265.739,4.274
688070.SH,20240813,26.87,27.38,26.63,27.36,26.87,0.49,1.8236,6186.96,16755.537,1.006
300952.SZ,20240813,17.38,17.61,17.26,17.58,17.35,0.23,1.3256,8104.93,14177.016,1.035
300738.SZ,20240813,9.26,9.36,9.0,9.19,9.0,0.19,2.1111,219990.4,202058.623,12.0727
002928.SZ,20240813,5.98,6.04,5.91,6.02,5.99,0.03,0.5008,90443.0,54000.567,2.295
301153.SZ,20240813,18.34,18.55,18.18,18.54,18.34,0.2,1.0905,21747.2,39885.778,3.382
300006.SZ,20240813,2.6,2.62,2.54,2.59,2.6,-0.01,-0.3846,143483.09,36853.449,7.67
600996.SH,20240813,7.46,7.65,7.39,7.58,7.45,0.13,1.745,82660.29,62464.207,1.05
600010.SH,20240813,1.43,1.44,1.42,1.43,1.43,0.0,0.0,897439.8,128351.558,8.4
002491.SZ,20240813,3.18,3.23,3.15,3.19,3.22,-0.03,-0.9317,195441.19,62144.659,4.203
300269.SZ,20240813,2.58,3.13,2.47,3.13,2.61,0.52,19.9234,646983.37,189377.275,4.233
001339.SZ,20240813,28.0,28.8,27.8,28.7,28.14,0.56,1.99,43000.0,122385.937,1.003
688179.SH,20240813,9.61,9.64,9.43,9.55,9.62,-0.07,-0.7277,12321.86,11707.257,2.848
605366.SH,20240813,5.17,5.33,5.11,5.31,5.19,0.12,2.3121,28902.2,15137.5,1.9298
603351.SH,20240813,20.68,20.87,20.46,20.68,20.66,0.02,0.0968,4956.0,10240.622,2.121
601816.SH,20240813,5.65,5.73,5.65,5.67,5.66,0.01,0.1767,857366.0,487617.606,1.0486
600685.SH,20240813,26.89,27.49,26.89,27.2,26.86,0.34,1.2658,84814.39,230930.797,2.0547
000721.SZ,20240813,6.94,6.97,6.73,6.81,6.93,-0.12,-1.7316,104376.0,70733.532,4.69
002105.SZ,20240813,4.03,4.08,3.97,4.06,4.03,0.03,0.7444,29000.67,11715.051,1.728
000917.SZ,20240813,4.89,4.91,4.83,4.89,4.89,0.0,0.0,91836.31,44669.091,7.9855
600769.SH,20240813,6.02,6.11,5.93,6.1,6.04,0.06,0.9934,19445.0,11747.136,5.58
002231.SZ,20240813,3.94,3.97,3.86,3.97,3.92,0.05,1.2755,61348.0,24139.701,3.094
301102.SZ,20240813,7.9,8.1,7.9,8.08,8.03,0.05,0.6227,19653.58,15736.777,2.0839
603312.SH,20240813,27.73,28.04,27.28,27.94,27.63,0.31,1.122,19367.84,53535.599,1.023
002384.SZ,20240813,22.7,23.18,22.5,22.97,22.35,0.62,2.774,372862.56,850783.878,7.564
300576.SZ,20240813,33.58,34.1,33.4,34.1,33.58,0.52,1.5485,43573.1,147060.137,3.475
600546.SH,20240813,12.87,12.89,12.55,12.74,12.83,-0.09,-0.7015,125223.0,158800.642,10.716
601211.SH,20240813,14.0,14.11,13.88,14.09,14.0,0.09,0.6429,153888.0,215176.666,1.3032
300851.SZ,20240813,23.1,23.76,23.03,23.76,23.67,0.09,0.3802,12555.0,29451.658,1.0642
920592.BJ,20240813,17.58,18.98,17.32,18.89,17.31,1.58,9.1277,59201.17,108031.335,1.0406
301202.SZ,20240813,25.81,26.95,25.75,26.18,25.72,0.46,1.7885,12137.0,31711.439,1.018
002912.SZ,20240813,15.63,15.75,15.45,15.69,15.61,0.08,0.5125,12568.0,19610.217,2.665
688119.SH,20240813,3.25,3.26,3.2,3.25,3.25,0.0,0.0,18487.35,5983.827,1.027
301117.SZ,20240813,26.2,26.62,25.55,26.01,25.82,0.19,0.7359,35337.36,91554.631,1.01
002356.SZ,20240813,2.86,2.88,2.83,2.85,2.87,-0.02,-0.6969,35550.0,10119.883,5.513
300380.SZ,20240813,16.58,16.92,16.5,16.86,16.67,0.19,1.1398,29159.0,48755.612,2.067
603882.SH,20240813,29.45,29.45,28.38,28.72,29.7,-0.98,-3.2997,80803.34,231574.536,1.082
601901.SH,20240813,7.21,7.31,7.17,7.31,7.19,0.12,1.669,493734.0,357588.621,1.0498
600779.SH,20240813,36.03,36.16,35.35,35.74,36.15,-0.41,-1.1342,23118.22,82281.318,7.0069
601949.SH,20240813,5.76,5.84,5.7,5.78,5.8,-0.02,-0.3448,49687.0,28634.551,1.1519
000981.SZ,20240813,1.18,1.2,1.13,1.16,1.18,-0.02,-1.6949,1613831.29,187370.534,8.802
600354.SH,20240813,4.88,4.88,4.79,4.85,4.84,0.01,0.2066,58857.0,28428.92,2.983
688721.SH,20240813,29.8,31.19,29.35,30.55,29.64,0.91,3.0702,73639.8,222445.94,1.0
688285.SH,20240813,6.33,6.47,6.33,6.45,6.4,0.05,0.7813,4620.09,2969.953,1.023
002150.SZ,20240813,12.5,12.86,12.5,12.72,12.58,0.14,1.1129,32841.0,41553.885,6.02
001217.SZ,20240813,9.16,9.45,9.16,9.41,9.24,0.17,1.8398,21983.0,20490.47,1.037
002347.SZ,20240813,3.63,3.66,3.55,3.66,3.61,0.05,1.385,142296.0,51418.483,3.931
002824.SZ,20240813,13.22,13.54,13.06,13.35,13.33,0.02,0.15,74649.44,98699.105,2.195
600599.SH,20240813,8.69,8.69,8.47,8.56,8.66,-0.1,-1.1547,5703.01,4873.337,2.205
301151.SZ,20240813,14.1,17.22,13.94,17.22,14.35,2.87,20.0,154936.75,248194.866,1.055
601528.SH,20240813,4.73,4.79,4.73,4.79,4.75,0.04,0.8421,62056.8,29607.021,1.402
300463.SZ,20240813,12.58,12.65,11.76,11.92,12.81,-0.89,-6.9477,241540.98,291631.522,3.2811
002861.SZ,20240813,8.89,9.17,8.85,9.13,8.84,0.29,3.2805,89744.8,80913.962,1.386
920149.BJ,20240813,5.7,6.18,5.63,5.96,5.83,0.13,2.2298,41306.92,24388.09,1.9635
688228.SH,20240813,31.97,32.53,31.8,32.5,32.25,0.25,0.7752,5612.9,18058.976,1.0339
600423.SH,20240813,2.3,2.35,2.27,2.33,2.32,0.01,0.431,44865.0,10380.278,3.636
600363.SH,20240813,25.31,25.52,24.91,25.43,25.42,0.01,0.0393,37770.37,95295.987,3.2684
600616.SH,20240813,4.73,4.73,4.63,4.7,4.71,-0.01,-0.2123,18008.27,8419.148,385.25
600020.SH,20240813,3.74,3.82,3.74,3.81,3.73,0.08,2.1448,152380.48,57733.793,4.487
600643.SH,20240813,4.0,4.02,3.93,4.01,3.98,0.03,0.7538,54278.44,21583.305,8.4552
600748.SH,20240813,2.54,2.56,2.5,2.53,2.54,-0.01,-0.3937,53362.46,13464.122,6.814
002728.SZ,20240813,8.45,9.12,8.19,8.75,8.55,0.2,2.3392,595941.88,520713.312,5.157
002003.SZ,20240813,11.89,12.08,11.82,12.08,11.89,0.19,1.598,67304.71,80668.126,24.877
601985.SH,20240813,10.69,10.89,10.66,10.82,10.7,0.12,1.1215,719626.09,777875.114,1.2031
605007.SH,20240813,11.97,12.11,11.9,12.09,12.02,0.07,0.5824,13676.32,16438.709,1.059
002574.SZ,20240813,4.12,4.16,4.06,4.15,4.11,0.04,0.9732,43623.0,17954.31,2.3975
000789.SZ,20240813,4.53,4.58,4.46,4.58,4.52,0.06,1.3274,36151.0,16411.483,6.941
688388.SH,20240813,8.99,9.18,8.85,9.11,8.98,0.13,1.4477,41405.7,37351.258,1.4544
002905.SZ,20240813,6.49,6.55,6.15,6.29,6.52,-0.23,-3.5276,106622.44,67109.142,2.327
920943.BJ,20240813,7.8,7.98,7.66,7.97,7.72,0.25,3.2383,4675.13,3656.403,1.5995
603836.SH,20240813,11.57,11.61,11.44,11.57,11.52,0.05,0.434,5947.0,6863.163,1.094
688234.SH,20240813,51.37,51.85,50.69,51.3,51.47,-0.17,-0.3303,18460.58,94620.459,1.0
688668.SH,20240813,35.2,35.91,35.04,35.55,35.0,0.55,1.5714,16946.05,60245.431,1.47
688320.SH,20240813,19.88,20.27,19.6,20.11,19.81,0.3,1.5144,7064.99,14122.068,1.009
300489.SZ,20240813,18.55,18.74,18.38,18.67,18.55,0.12,0.6469,7826.0,14485.45,3.01
300597.SZ,20240813,6.94,6.96,6.78,6.93,6.89,0.04,0.5806,29822.0,20487.9,1.012
000838.SZ,20240813,2.16,2.18,2.12,2.16,2.16,0.0,0.0,95812.0,20605.28,13.129
688531.SH,20240813,38.4,38.65,37.68,38.27,38.39,-0.12,-0.3126,4931.08,18822.02,1.463
300298.SZ,20240813,24.74,24.8,23.95,24.29,24.74,-0.45,-1.8189,24076.63,58359.415,6.371
002567.SZ,20240813,5.48,5.63,5.45,5.54,5.49,0.05,0.9107,403936.24,224038.936,5.306
000045.SZ,20240813,7.52,7.66,7.46,7.66,7.52,0.14,1.8617,26551.0,20141.97,2.995
603209.SH,20240813,14.51,14.93,13.8,14.12,14.5,-0.38,-2.6207,70373.32,100065.855,1.43
002434.SZ,20240813,4.78,4.82,4.74,4.81,4.78,0.03,0.6276,40281.0,19249.644,7.528
920642.BJ,20240813,6.91,7.21,6.87,6.98,6.91,0.07,1.013,16013.87,11241.166,1.4466
000695.SZ,20240813,10.37,10.48,10.0,10.02,10.55,-0.53,-5.0237,61920.31,62957.87,2.55
601636.SH,20240813,5.85,5.87,5.74,5.83,5.85,-0.02,-0.3419,192271.81,111282.913,3.9324
300342.SZ,20240813,13.31,13.63,13.16,13.36,13.31,0.05,0.3757,333291.52,445278.033,4.444
600609.SH,20240813,3.74,3.85,3.73,3.84,3.74,0.1,2.6738,96813.97,36710.256,25.927
000605.SZ,20240813,4.7,4.74,4.62,4.74,4.68,0.06,1.2821,31648.41,14867.73,3.6061
300086.SZ,20240813,4.0,4.02,3.84,3.92,3.95,-0.03,-0.7595,141474.0,55219.894,4.913
300686.SZ,20240813,6.49,6.79,6.4,6.78,6.59,0.19,2.8832,120506.0,80288.079,1.621
600080.SH,20240813,6.39,6.42,6.29,6.36,6.41,-0.05,-0.78,20705.01,13174.202,5.224
000858.SZ,20240813,127.59,127.96,125.12,125.6,127.71,-2.11,-1.6522,124517.39,1567828.597,19.0986
600663.SH,20240813,8.57,8.6,8.44,8.5,8.55,-0.05,-0.5848,41432.82,35153.096,14.287
002622.SZ,20240813,1.38,1.39,1.32,1.38,1.38,0.0,0.0,159441.0,21668.324,5.812
300110.SZ,20240813,3.33,3.33,3.24,3.31,3.36,-0.05,-1.4881,291299.65,95481.188,5.5149
300701.SZ,20240813,7.52,7.72,7.51,7.72,7.51,0.21,2.7963,30648.5,23421.599,3.578
600232.SH,20240813,4.45,4.5,4.42,4.5,4.45,0.05,1.1236,18402.0,8223.565,3.265
688210.SH,20240813,18.6,18.8,18.15,18.63,18.55,0.08,0.4313,10875.39,20157.211,2.0373
600617.SH,20240813,2.38,2.41,2.35,2.41,2.37,0.04,1.6878,76281.2,18215.805,62.6531
002187.SZ,20240813,4.35,4.39,4.3,4.39,4.38,0.01,0.2283,24683.0,10742.721,2.51
600997.SH,20240813,6.12,6.13,6.01,6.07,6.1,-0.03,-0.4918,57375.71,34840.005,5.035
301299.SZ,20240813,39.25,39.7,38.65,39.49,39.29,0.2,0.509,7742.0,30367.659,1.058
603586.SH,20240813,11.75,11.96,11.72,11.96,11.77,0.19,1.6143,24832.0,29387.992,1.212
688652.SH,20240813,42.14,45.58,42.14,44.52,42.29,2.23,5.2731,39193.0,173468.277,1.0017
002730.SZ,20240813,6.38,6.44,6.31,6.44,6.37,0.07,1.0989,23533.2,15007.934,2.382
000016.SZ,20240813,2.24,2.3,2.2,2.27,2.23,0.04,1.7937,392877.36,88549.306,22.375
688380.SH,20240813,16.31,17.5,16.24,17.29,16.28,1.01,6.2039,63548.97,107880.53,1.03
301311.SZ,20240813,16.05,16.4,16.0,16.4,16.09,0.31,1.9267,17284.66,28025.468,1.0055
600606.SH,20240813,1.42,1.43,1.4,1.42,1.42,0.0,0.0,454710.89,64254.88,164.595
300474.SZ,20240813,59.18,59.74,58.8,59.63,58.9,0.73,1.2394,29050.23,172164.169,3.052
688109.SH,20240813,26.49,26.98,26.19,26.94,26.57,0.37,1.3925,6881.95,18287.816,1.516
603527.SH,20240813,6.77,6.88,6.7,6.87,6.77,0.1,1.4771,20110.0,13715.44,2.205
002085.SZ,20240813,12.66,12.93,12.53,12.74,12.72,0.02,0.1572,770229.57,978282.067,8.116
600743.SH,20240813,1.19,1.2,1.17,1.2,1.19,0.01,0.8403,148641.0,17637.679,13.201
920985.BJ,20240813,5.03,5.15,5.0,5.12,5.07,0.05,0.9862,20089.14,10159.657,1.5891
300827.SZ,20240813,31.18,34.18,30.82,33.35,31.12,2.23,7.1658,184875.58,598285.191,4.676
003013.SZ,20240813,13.86,13.94,13.65,13.92,13.78,0.14,1.016,9127.0,12602.073,1.117
600397.SH,20240813,1.93,1.96,1.91,1.95,1.95,0.0,0.0,109925.66,21279.303,3.985
301165.SZ,20240813,30.12,31.99,30.1,31.11,30.1,1.01,3.3555,41142.0,128305.459,1.032
300601.SZ,20240813,15.56,15.66,15.17,15.38,15.69,-0.31,-1.9758,99758.45,153073.531,2.503
688132.SH,20240813,15.29,15.37,14.81,15.2,15.42,-0.22,-1.4267,9551.7,14406.82,1.0
000890.SZ,20240813,2.67,2.73,2.55,2.67,2.71,-0.04,-1.476,250664.0,65725.077,3.602
002093.SZ,20240813,5.78,5.85,5.75,5.84,5.79,0.05,0.8636,49656.0,28793.738,12.303
002178.SZ,20240813,3.31,3.36,3.26,3.35,3.31,0.04,1.2085,125627.0,41677.696,6.538
601083.SH,20240813,9.01,9.11,9.0,9.06,9.03,0.03,0.3322,24763.31,22392.499,1.028
002355.SZ,20240813,4.4,4.51,4.39,4.47,4.42,0.05,1.1312,206505.5,92027.357,2.086
000048.SZ,20240813,14.75,14.87,14.42,14.61,14.82,-0.21,-1.417,28831.23,42151.179,9.488
600577.SH,20240813,4.41,4.46,4.35,4.41,4.41,0.0,0.0,243998.99,107376.623,25.696
600301.SH,20240813,16.1,16.33,15.88,16.1,16.13,-0.03,-0.186,51886.0,83350.331,1.764
300454.SZ,20240813,47.21,47.9,47.21,47.6,47.37,0.23,0.4855,9082.36,43135.474,1.005
002320.SZ,20240813,5.15,5.18,5.12,5.17,5.16,0.01,0.1938,58301.45,30031.76,14.078
000926.SZ,20240813,2.07,2.1,2.04,2.09,2.08,0.01,0.4808,371955.51,76960.734,4.9603
600843.SH,20240813,7.81,8.1,7.67,7.88,7.7,0.18,2.3377,788465.02,620575.544,2.8755
300856.SZ,20240813,31.69,31.98,31.2,31.85,31.85,0.0,0.0,30454.0,96149.115,3.128
601388.SH,20240813,2.19,2.19,2.15,2.17,2.19,-0.02,-0.9132,158227.92,34220.929,5.476
002262.SZ,20240813,26.14,26.52,26.1,26.38,26.28,0.1,0.3805,54037.13,142293.966,8.862
600589.SH,20240813,2.69,2.81,2.66,2.77,2.69,0.08,2.974,201969.0,55714.11,5.4
688692.SH,20240813,208.22,215.48,208.0,215.0,210.88,4.12,1.9537,4364.28,92332.14,1.0
002575.SZ,20240813,4.18,4.23,4.11,4.19,4.19,0.0,0.0,28293.0,11822.261,4.485
300426.SZ,20240813,7.7,7.82,7.52,7.7,7.71,-0.01,-0.1297,76587.0,58608.022,5.036
601186.SH,20240813,8.16,8.22,8.15,8.21,8.17,0.04,0.4896,249846.5,204762.393,1.4235
605298.SH,20240813,7.75,7.83,7.63,7.83,7.73,0.1,1.2937,7716.22,5974.284,1.793
688233.SH,20240813,16.18,16.3,15.93,16.21,16.16,0.05,0.3094,14191.04,22847.568,1.016
000498.SZ,20240813,5.14,5.2,5.11,5.19,5.14,0.05,0.9728,43686.0,22559.133,3.0718
300423.SZ,20240813,5.13,5.28,5.06,5.23,5.16,0.07,1.3566,119003.18,61634.171,3.383
600503.SH,20240813,1.75,1.76,1.72,1.76,1.76,0.0,0.0,89200.32,15586.444,3.025
920971.BJ,20240813,8.93,9.17,8.93,9.1,9.01,0.09,0.9989,1299.27,1175.602,2.59
920656.BJ,20240813,13.8,13.8,13.45,13.62,13.78,-0.16,-1.1611,1872.82,2538.892,10.365
920634.BJ,20240813,10.26,11.22,10.26,10.59,10.15,0.44,4.335,18619.1,19720.739,1.3622
920571.BJ,20240813,3.78,3.87,3.77,3.82,3.75,0.07,1.8667,80470.23,30803.654,1.0286
002808.SZ,20240813,1.75,1.79,1.7,1.77,1.75,0.02,1.1429,70144.12,12296.989,2.305
600279.SH,20240813,3.66,3.7,3.65,3.7,3.67,0.03,0.8174,21417.5,7869.829,2.521
300677.SZ,20240813,26.08,26.18,25.62,25.94,26.1,-0.16,-0.613,57368.76,148081.223,5.79
301238.SZ,20240813,13.1,13.37,12.99,13.32,13.12,0.2,1.5244,30804.0,40590.604,1.017
002872.SZ,20240813,4.13,4.13,3.94,4.0,3.93,0.07,1.7812,231289.56,94175.155,1.521
002701.SZ,20240813,4.35,4.4,4.34,4.39,4.35,0.04,0.9195,144028.6,63077.494,10.034
920792.BJ,20240813,5.58,5.71,5.56,5.71,5.61,0.1,1.7825,2084.02,1174.493,1.1663
601952.SH,20240813,9.7,9.77,9.63,9.71,9.67,0.04,0.4137,53484.73,51878.687,1.5249
600305.SH,20240813,7.42,7.42,7.31,7.36,7.39,-0.03,-0.406,28686.92,21111.627,10.138
600375.SH,20240813,4.36,4.5,4.36,4.41,4.35,0.06,1.3793,36084.0,15912.638,3.748
001872.SZ,20240813,19.96,20.34,19.9,20.31,19.96,0.35,1.7535,53096.72,106909.357,4.8118
600955.SH,20240813,14.05,14.1,13.83,14.06,13.94,0.12,0.8608,5307.74,7424.883,1.023
600337.SH,20240813,1.53,1.54,1.5,1.53,1.53,0.0,0.0,79992.0,12167.773,13.881
301161.SZ,20240813,14.99,15.17,14.73,15.16,14.9,0.26,1.745,8602.0,12876.903,1.012
600717.SH,20240813,4.53,4.61,4.51,4.6,4.52,0.08,1.7699,187486.46,85826.245,34.097
603658.SH,20240813,41.92,42.0,40.99,41.4,41.92,-0.52,-1.2405,29124.18,120210.637,1.449
300415.SZ,20240813,17.73,17.89,17.55,17.83,17.74,0.09,0.5073,21462.5,38049.109,4.215
002208.SZ,20240813,4.28,4.39,4.23,4.37,4.31,0.06,1.3921,55742.3,24101.371,5.6269
001255.SZ,20240813,20.47,21.18,20.2,21.1,20.51,0.59,2.8766,9386.0,19523.228,1.009
300654.SZ,20240813,7.89,7.97,7.72,7.88,7.87,0.01,0.1271,55977.8,43825.186,3.471
002570.SZ,20240813,2.54,2.55,2.5,2.54,2.53,0.01,0.3953,77539.0,19571.553,2.579
603360.SH,20240813,11.1,11.48,11.05,11.36,11.05,0.31,2.8054,55565.75,62913.381,4.686
300854.SZ,20240813,9.69,11.2,9.69,10.42,11.58,-1.16,-10.0173,157330.46,164425.031,1.021
002219.SZ,20240813,1.86,1.89,1.83,1.86,1.88,-0.02,-1.0638,387022.37,71785.918,22.166
300323.SZ,20240813,4.05,4.18,4.04,4.17,4.06,0.11,2.7094,93686.51,38634.474,3.466
002936.SZ,20240813,1.75,1.77,1.74,1.76,1.75,0.01,0.5714,310720.08,54625.363,1.409
300570.SZ,20240813,29.32,29.79,29.25,29.75,29.32,0.43,1.4666,48700.98,143817.304,2.0312
301050.SZ,20240813,45.51,46.14,45.29,45.9,45.21,0.69,1.5262,21685.0,99225.625,1.821
300492.SZ,20240813,72.26,73.68,71.47,73.59,72.26,1.33,1.8406,4904.0,35606.35,1.755
002176.SZ,20240813,6.99,7.12,6.89,7.07,7.0,0.07,1.0,191885.1,134457.107,12.957
603877.SH,20240813,13.87,13.89,13.65,13.89,13.9,-0.01,-0.0719,12494.62,17246.373,1.262
300978.SZ,20240813,9.3,9.58,9.3,9.58,9.33,0.25,2.6795,42143.93,39879.454,1.065
000839.SZ,20240813,2.32,2.38,2.32,2.36,2.33,0.03,1.2876,146474.89,34343.377,22.611
600219.SH,20240813,3.53,3.58,3.52,3.55,3.52,0.03,0.8523,493612.28,175145.895,7.681
002765.SZ,20240813,4.6,4.65,4.55,4.64,4.6,0.04,0.8696,50602.0,23315.244,2.073
600456.SH,20240813,24.53,24.82,24.38,24.53,24.41,0.12,0.4916,17973.01,44172.002,2.788
603700.SH,20240813,9.22,9.25,9.09,9.2,9.23,-0.03,-0.325,6578.0,6031.038,1.506
300231.SZ,20240813,6.87,6.98,6.8,6.91,6.88,0.03,0.436,30612.0,21010.6,10.96
603933.SH,20240813,11.89,11.94,11.7,11.93,11.8,0.13,1.1017,13548.0,16035.752,2.09
603937.SH,20240813,7.57,7.73,7.51,7.73,7.58,0.15,1.9789,12112.0,9258.636,1.099
002708.SZ,20240813,7.27,7.5,7.23,7.5,7.23,0.27,3.7344,201520.06,149266.077,3.14
600621.SH,20240813,13.01,13.3,12.94,13.29,12.93,0.36,2.7842,266332.56,350121.216,301.8391
688593.SH,20240813,9.01,9.07,8.91,9.01,8.97,0.04,0.4459,5067.93,4560.808,1.0044
002407.SZ,20240813,10.46,10.65,10.37,10.57,10.51,0.06,0.5709,66948.2,70231.905,8.249
002878.SZ,20240813,10.3,10.43,10.19,10.36,10.3,0.06,0.5825,35681.12,36792.376,3.192
603496.SH,20240813,20.53,20.8,20.47,20.74,20.63,0.11,0.5332,32909.0,67952.619,2.849
002122.SZ,20240813,1.99,2.0,1.95,1.99,1.99,0.0,0.0,156607.32,30883.06,8.472
600016.SH,20240813,3.4,3.43,3.4,3.43,3.4,0.03,0.8824,1169079.64,399192.049,33.9416
002421.SZ,20240813,2.19,2.23,2.17,2.21,2.2,0.01,0.4545,121264.47,26695.789,18.588
605199.SH,20240813,10.67,10.67,10.34,10.49,10.99,-0.5,-4.5496,81999.0,86079.59,1.0174
000596.SZ,20240813,187.13,188.0,182.71,184.36,187.5,-3.14,-1.6747,13137.7,242755.509,3.584
603663.SH,20240813,12.96,13.11,12.8,13.11,12.92,0.19,1.4706,40992.4,53111.71,2.8843
603219.SH,20240813,13.63,13.88,13.56,13.88,13.7,0.18,1.3139,15141.6,20826.901,1.4912
300730.SZ,20240813,9.0,9.09,8.85,9.08,8.95,0.13,1.4525,56780.0,51085.627,2.596
601777.SH,20240813,4.08,4.1,3.77,3.99,4.1,-0.11,-2.6829,818729.95,320767.857,1.175
603025.SH,20240813,12.09,12.1,11.76,11.97,11.92,0.05,0.4195,42433.7,50370.843,2.91
601001.SH,20240813,15.1,15.2,14.84,15.0,14.92,0.08,0.5362,65861.2,98655.454,2.4715
920809.BJ,20240813,3.67,3.7,3.67,3.7,3.67,0.03,0.8174,3620.06,1332.102,2.3726
002332.SZ,20240813,11.78,11.85,11.62,11.75,11.8,-0.05,-0.4237,47924.0,56062.849,2.746
603110.SH,20240813,9.27,9.27,9.01,9.17,9.19,-0.02,-0.2176,34780.0,31696.441,2.099
603201.SH,20240813,14.45,14.65,14.38,14.65,14.53,0.12,0.8259,6123.13,8902.16,2.0416
603037.SH,20240813,13.43,13.6,13.03,13.27,13.5,-0.23,-1.7037,64672.8,85767.371,3.0353
002246.SZ,20240813,8.26,9.26,8.2,8.9,8.57,0.33,3.8506,699384.09,612463.622,1.6393
600011.SH,20240813,7.34,7.37,7.29,7.36,7.36,0.0,0.0,325080.0,238343.397,5.098
603097.SH,20240813,21.51,22.2,21.51,22.03,21.71,0.32,1.474,12862.0,28200.248,1.017
920665.BJ,20240813,7.7,7.71,7.53,7.68,7.72,-0.04,-0.5181,5818.47,4436.876,1.1081
603536.SH,20240813,7.47,7.52,7.33,7.46,7.5,-0.04,-0.5333,37479.0,27729.184,2.028
920000.BJ,20240813,6.73,6.78,6.69,6.71,6.77,-0.06,-0.8863,2673.87,1798.675,1.3822
600293.SH,20240813,2.41,2.46,2.39,2.46,2.43,0.03,1.2346,51843.43,12615.903,3.323
688232.SH,20240813,20.65,20.9,20.44,20.75,20.81,-0.06,-0.2883,8100.89,16702.649,1.045
000533.SZ,20240813,3.14,3.21,3.11,3.2,3.14,0.06,1.9108,52548.0,16650.181,2.258
605179.SH,20240813,9.21,9.21,9.06,9.19,9.18,0.01,0.1089,13698.99,12533.03,1.018
688648.SH,20240813,20.97,21.09,20.59,21.03,21.09,-0.06,-0.2845,11651.56,24282.846,1.0078
002742.SZ,20240813,2.63,2.72,2.63,2.72,2.59,0.13,5.0193,57098.0,15415.489,4.7
000559.SZ,20240813,4.49,4.53,4.45,4.51,4.5,0.01,0.2222,85763.93,38482.852,39.747
002773.SZ,20240813,21.13,21.25,20.91,21.25,21.1,0.15,0.7109,40675.0,85808.224,2.069
301322.SZ,20240813,18.66,18.82,18.48,18.82,18.57,0.25,1.3463,3784.3,7061.946,2.225
301021.SZ,20240813,16.08,16.41,16.0,16.41,16.08,0.33,2.0522,28192.24,45869.167,1.009
300999.SZ,20240813,27.01,27.1,26.6,26.94,27.01,-0.07,-0.2592,43404.47,116350.733,1.009
301213.SZ,20240813,29.98,30.48,29.74,30.31,30.12,0.19,0.6308,22787.0,68739.783,1.009
601156.SH,20240813,15.72,15.91,15.33,15.47,15.76,-0.29,-1.8401,53979.0,83617.285,1.058
002475.SZ,20240813,36.3,37.32,36.3,37.0,36.43,0.57,1.5646,381241.01,1404964.639,34.3287
603260.SH,20240813,46.02,46.8,45.5,46.47,46.07,0.4,0.8682,9360.99,43185.261,1.494
688186.SH,20240813,9.13,9.15,8.89,9.02,9.08,-0.06,-0.6608,22543.97,20295.49,1.0496
603822.SH,20240813,21.2,21.66,21.13,21.66,21.31,0.35,1.6424,7138.45,15307.169,1.044
002469.SZ,20240813,5.38,5.49,5.38,5.46,5.38,0.08,1.487,35797.0,19494.481,9.73
920271.BJ,20240813,9.65,9.75,9.61,9.74,9.69,0.05,0.516,1316.84,1274.742,1.5215
300532.SZ,20240813,11.71,11.86,11.61,11.86,11.74,0.12,1.0221,27259.99,32053.496,3.629
688156.SH,20240813,11.88,12.18,11.7,12.1,11.88,0.22,1.8519,6531.88,7840.647,1.0332
002234.SZ,20240813,8.28,8.5,8.21,8.3,8.29,0.01,0.1206,24518.93,20487.319,2.18
688271.SH,20240813,115.8,115.8,114.08,115.29,115.43,-0.14,-0.1213,11716.98,134501.044,1.0033
600051.SH,20240813,5.28,5.31,5.22,5.31,5.26,0.05,0.9506,14239.01,7514.922,5.042
002125.SZ,20240813,8.58,8.69,8.5,8.66,8.57,0.09,1.0502,45867.28,39434.558,4.262
000153.SZ,20240813,5.52,5.54,5.43,5.5,5.55,-0.05,-0.9009,65969.88,36119.092,8.254
600750.SH,20240813,23.12,23.19,22.46,22.69,23.16,-0.47,-2.0294,61646.0,139868.806,19.604
002086.SZ,20240813,2.16,2.2,2.11,2.14,2.19,-0.05,-2.2831,97774.0,20892.502,4.127
300094.SZ,20240813,2.61,2.64,2.57,2.62,2.62,0.0,0.0,283627.7,73784.502,2.457
002752.SZ,20240813,4.65,4.71,4.63,4.69,4.67,0.02,0.4283,39005.9,18214.837,2.0673
300290.SZ,20240813,8.99,9.11,8.7,9.1,8.96,0.14,1.5625,218125.81,195285.845,6.258
002868.SZ,20240813,13.13,13.3,12.92,13.09,13.27,-0.18,-1.3564,12039.0,15710.083,1.373
301148.SZ,20240813,16.4,17.19,16.36,17.05,16.68,0.37,2.2182,27511.96,46360.154,1.062
601059.SH,20240813,13.56,13.75,13.48,13.7,13.51,0.19,1.4064,126348.88,171969.522,1.002
688699.SH,20240813,27.43,27.72,27.06,27.61,27.21,0.4,1.47,3702.17,10122.142,1.552
605060.SH,20240813,13.15,13.15,12.45,12.89,12.82,0.07,0.546,56919.66,72324.809,1.081
002594.SZ,20240813,230.36,230.39,226.0,228.73,230.4,-1.67,-0.7248,60436.5,1378452.593,1.0376
603289.SH,20240813,7.71,7.8,7.6,7.77,7.75,0.02,0.2581,14467.5,11145.849,1.471
601992.SH,20240813,1.35,1.37,1.34,1.36,1.36,0.0,0.0,260092.0,35242.833,2.5151
688100.SH,20240813,38.53,39.06,38.2,38.7,38.68,0.02,0.0517,7057.99,27200.437,1.052
300773.SZ,20240813,12.17,12.2,11.8,11.92,12.14,-0.22,-1.8122,126362.0,150740.636,2.198
300193.SZ,20240813,7.1,7.2,7.05,7.2,7.09,0.11,1.5515,26357.0,18798.859,3.038
605319.SH,20240813,15.64,15.82,15.52,15.75,15.77,-0.02,-0.1268,6053.0,9484.01,1.033
300685.SZ,20240813,19.0,19.0,18.52,18.71,18.99,-0.28,-1.4745,32637.48,60808.085,4.999
300070.SZ,20240813,4.09,4.15,4.02,4.13,4.09,0.04,0.978,218299.03,89284.625,18.882
600246.SH,20240813,6.54,6.68,6.48,6.61,6.51,0.1,1.5361,168840.0,111562.142,12.463
605399.SH,20240813,10.82,10.93,10.68,10.92,10.8,0.12,1.1111,11170.9,12093.2,1.7688
301339.SZ,20240813,20.04,20.39,19.93,20.24,19.99,0.25,1.2506,20590.27,41447.587,1.0228
600543.SH,20240813,4.25,4.27,4.17,4.2,4.25,-0.05,-1.1765,44842.0,18873.245,2.465
600874.SH,20240813,5.72,5.85,5.71,5.81,5.74,0.07,1.2195,100349.98,58095.947,1.8651
002767.SZ,20240813,11.38,11.45,11.1,11.41,11.21,0.2,1.7841,23537.5,26601.586,1.5296
920706.BJ,20240813,8.59,9.2,8.59,8.93,8.69,0.24,2.7618,11294.53,10114.402,1.1319
301190.SZ,20240813,13.45,13.45,13.22,13.43,13.33,0.1,0.7502,4189.0,5580.702,1.0255
002005.SZ,20240813,1.1,1.16,1.09,1.14,1.11,0.03,2.7027,111161.0,12571.887,10.037
920122.BJ,20240813,35.33,35.33,34.5,34.99,35.0,-0.01,-0.0286,5868.65,20409.325,1.0894
600885.SH,20240813,28.83,28.83,27.61,28.14,28.75,-0.61,-2.1217,103855.5,291209.679,5.786
603505.SH,20240813,25.6,25.6,25.03,25.42,25.57,-0.15,-0.5866,13013.69,32945.463,2.6897
605005.SH,20240813,14.9,14.91,14.73,14.89,14.78,0.11,0.7442,3807.0,5638.455,1.04
300807.SZ,20240813,27.68,28.64,27.35,28.31,28.15,0.16,0.5684,51219.65,142843.732,1.018
688017.SH,20240813,71.0,72.31,70.06,70.89,71.0,-0.11,-0.1549,21406.14,152542.776,1.413
600790.SH,20240813,3.27,3.29,3.25,3.28,3.27,0.01,0.3058,19596.4,6407.987,13.339
000970.SZ,20240813,8.15,8.24,8.13,8.22,8.15,0.07,0.8589,34544.65,28295.087,17.995
603566.SH,20240813,12.69,12.69,12.38,12.6,12.59,0.01,0.0794,19116.0,23928.508,2.3
688707.SH,20240813,8.35,8.52,8.21,8.52,8.34,0.18,2.1583,48039.29,40234.497,1.0346
601555.SH,20240813,6.13,6.18,6.09,6.18,6.13,0.05,0.8157,196449.86,120537.651,1.368
002079.SZ,20240813,7.79,7.88,7.74,7.86,7.79,0.07,0.8986,40116.0,31329.258,4.9932
002023.SZ,20240813,8.98,9.07,8.92,9.04,8.95,0.09,1.0056,82412.0,74175.993,10.292
000657.SZ,20240813,8.16,8.21,8.06,8.18,8.11,0.07,0.8631,71066.3,57837.454,5.704
601198.SH,20240813,8.33,8.52,8.26,8.45,8.31,0.14,1.6847,242174.2,203105.898,1.1313
600018.SH,20240813,6.01,6.12,6.0,6.04,6.02,0.02,0.3322,209009.39,126502.977,1.621
002470.SZ,20240813,1.41,1.43,1.4,1.43,1.42,0.01,0.7042,124503.77,17652.066,4.269
603198.SH,20240813,52.05,52.19,50.5,51.3,51.85,-0.55,-1.0608,34460.6,176107.403,1.268
301218.SZ,20240813,19.48,19.55,19.09,19.55,19.36,0.19,0.9814,15100.0,29205.699,1.511
688582.SH,20240813,32.8,33.35,32.16,33.1,32.81,0.29,0.8839,24881.02,81415.332,1.006
600718.SH,20240813,7.64,7.73,7.59,7.67,7.68,-0.01,-0.1302,81976.66,62635.193,17.4006
002324.SZ,20240813,7.84,7.86,7.71,7.85,7.77,0.08,1.0296,26596.55,20728.663,8.239
002006.SZ,20240813,12.14,12.3,12.08,12.26,12.19,0.07,0.5742,22155.0,27000.437,7.894
000813.SZ,20240813,2.42,2.43,2.37,2.41,2.43,-0.02,-0.823,162875.0,39010.408,3.929
603826.SH,20240813,26.11,27.6,25.73,27.24,26.2,1.04,3.9695,35002.2,94376.9,1.8508
601801.SH,20240813,6.51,6.58,6.35,6.41,6.57,-0.16,-2.4353,112798.0,72612.087,2.6758
300515.SZ,20240813,8.91,9.15,8.91,9.14,9.03,0.11,1.2182,11526.0,10431.52,2.188
301089.SZ,20240813,33.49,34.07,32.9,33.59,34.15,-0.56,-1.6398,65326.07,217730.297,1.013
688682.SH,20240813,31.0,31.3,30.0,30.5,30.68,-0.18,-0.5867,9055.68,27534.559,1.9945
300715.SZ,20240813,6.31,6.51,6.19,6.4,6.3,0.1,1.5873,7856.07,4972.489,3.944
000935.SZ,20240813,11.44,11.57,11.35,11.48,11.49,-0.01,-0.087,13893.0,15855.581,3.25
603085.SH,20240813,7.85,7.94,7.74,7.85,7.85,0.0,0.0,25133.0,19608.096,2.633
000061.SZ,20240813,5.31,5.34,5.24,5.29,5.31,-0.02,-0.3766,30896.02,16323.201,22.57
603033.SH,20240813,10.05,10.13,9.86,9.95,10.06,-0.11,-1.0934,24081.62,23953.723,6.7666
300218.SZ,20240813,14.06,14.21,14.0,14.2,14.07,0.13,0.924,18919.0,26689.64,2.274
000610.SZ,20240813,11.45,11.47,11.01,11.15,11.45,-0.3,-2.6201,69166.0,77024.031,3.017
301033.SZ,20240813,38.3,38.95,38.03,38.6,38.8,-0.2,-0.5155,3327.08,12790.514,1.018
920689.BJ,20240813,10.94,11.02,10.61,10.96,10.94,0.02,0.1828,4416.83,4784.567,1.4506
603313.SH,20240813,6.31,6.32,6.16,6.28,6.27,0.01,0.1595,28621.84,17788.74,1.807
920225.BJ,20240813,7.93,7.99,7.85,7.87,7.98,-0.11,-1.3784,8080.75,6388.279,1.9942
002124.SZ,20240813,2.51,2.62,2.5,2.55,2.53,0.02,0.7905,561532.42,143470.095,16.486
300036.SZ,20240813,13.61,13.72,13.43,13.65,13.65,0.0,0.0,52980.6,71853.262,5.385
601669.SH,20240813,5.38,5.53,5.35,5.49,5.4,0.09,1.6667,991986.99,540905.703,1.3094
301106.SZ,20240813,24.95,25.69,24.76,25.66,25.1,0.56,2.2311,8645.01,21796.186,1.459
000705.SZ,20240813,7.5,7.58,7.35,7.45,7.62,-0.17,-2.231,129307.0,95970.208,5.601
600566.SH,20240813,33.35,33.71,33.05,33.62,33.44,0.18,0.5383,66796.41,223456.313,2.43
002513.SZ,20240813,3.36,3.42,3.3,3.42,3.35,0.07,2.0896,32945.14,11112.536,2.981
300209.SZ,20240813,3.02,3.04,2.94,2.96,2.95,0.01,0.339,53193.0,15831.147,3.011
300941.SZ,20240813,14.62,14.82,14.49,14.82,14.64,0.18,1.2295,18990.0,27905.468,1.544
600664.SH,20240813,3.28,3.29,3.24,3.27,3.31,-0.04,-1.2085,350478.0,114318.124,10.007
300525.SZ,20240813,11.18,11.2,10.95,11.07,11.15,-0.08,-0.7175,43297.13,47857.687,9.228
688353.SH,20240813,15.92,16.19,15.68,16.15,15.92,0.23,1.4447,3246.71,5185.445,1.477
002571.SZ,20240813,3.96,4.02,3.91,4.02,3.99,0.03,0.7519,39669.0,15755.465,4.022
600508.SH,20240813,11.98,12.04,11.92,12.0,11.98,0.02,0.1669,22485.0,26925.441,3.7636
002048.SZ,20240813,12.27,12.42,12.21,12.36,12.27,0.09,0.7335,21635.35,26635.69,8.199
600518.SH,20240813,1.86,1.87,1.85,1.87,1.87,0.0,0.0,661521.58,123039.144,48.081
000534.SZ,20240813,9.8,9.92,9.7,9.92,9.77,0.15,1.5353,17342.0,17031.475,4.22
600586.SH,20240813,5.63,5.73,5.58,5.69,5.63,0.06,1.0657,75790.0,42891.651,13.863
301016.SZ,20240813,19.03,20.16,18.56,19.48,19.8,-0.32,-1.6162,129757.94,249407.804,1.3539
600372.SH,20240813,12.3,12.44,12.26,12.38,12.3,0.08,0.6504,168483.39,208102.097,3.103
688279.SH,20240813,101.0,102.17,98.55,100.52,101.35,-0.83,-0.8189,4827.05,48308.243,1.016
301357.SZ,20240813,28.65,29.6,28.3,29.43,28.82,0.61,2.1166,26530.6,77279.497,1.418
301321.SZ,20240813,10.03,10.45,9.94,10.3,10.06,0.24,2.3857,25238.0,25809.809,1.514
300737.SZ,20240813,4.18,4.22,4.1,4.22,4.19,0.03,0.716,91698.8,38184.347,1.834
300416.SZ,20240813,10.7,10.82,10.47,10.67,10.72,-0.05,-0.4664,67424.0,71674.478,6.908
600820.SH,20240813,6.99,7.05,6.95,7.04,6.99,0.05,0.7153,172471.0,120763.212,21.902
000925.SZ,20240813,5.69,5.74,5.62,5.72,5.69,0.03,0.5272,62859.9,35690.705,3.025
003027.SZ,20240813,12.3,12.75,12.14,12.54,12.59,-0.05,-0.3971,42625.97,52817.169,1.568
300540.SZ,20240813,18.71,18.95,18.49,18.9,18.77,0.13,0.6926,8938.0,16739.224,1.511
920207.BJ,20240813,7.3,7.56,7.24,7.43,7.37,0.06,0.8141,11321.58,8352.632,1.1736
300824.SZ,20240813,7.63,7.63,7.44,7.63,7.63,0.0,0.0,31191.0,23506.361,1.6
600893.SH,20240813,37.8,38.29,37.7,38.07,38.0,0.07,0.1842,89226.79,338684.807,3.3438
000959.SZ,20240813,2.77,2.81,2.75,2.78,2.76,0.02,0.7246,216317.85,60204.06,2.3494
300485.SZ,20240813,6.78,6.83,6.68,6.8,6.84,-0.04,-0.5848,43681.94,29482.949,4.271
300010.SZ,20240813,2.55,2.6,2.5,2.54,2.55,-0.01,-0.3922,315007.28,80095.442,5.516
001282.SZ,20240813,17.41,17.53,17.23,17.5,17.41,0.09,0.5169,9830.4,17090.254,1.4179
000593.SZ,20240813,4.68,4.78,4.6,4.78,4.67,0.11,2.3555,53546.0,25222.121,5.6
688377.SH,20240813,11.77,11.96,11.63,11.95,11.78,0.17,1.4431,11068.72,13061.696,1.034
002549.SZ,20240813,5.06,5.19,5.02,5.18,5.1,0.08,1.5686,81653.59,41756.906,8.398
920925.BJ,20240813,10.09,10.22,10.09,10.22,10.22,0.0,0.0,676.33,689.143,2.0836
002703.SZ,20240813,10.58,10.78,10.5,10.78,10.6,0.18,1.6981,89580.62,95373.088,2.546
600355.SH,20240813,3.2,3.21,3.11,3.15,3.23,-0.08,-2.4768,357529.0,112279.58,5.819
600973.SH,20240813,3.44,3.46,3.41,3.45,3.44,0.01,0.2907,42377.0,14550.934,8.834
688295.SH,20240813,18.0,18.47,18.0,18.37,18.25,0.12,0.6575,8479.2,15506.572,1.007
001319.SZ,20240813,14.49,14.59,14.36,14.59,14.5,0.09,0.6207,7489.0,10843.261,1.047
603266.SH,20240813,15.26,15.39,15.05,15.28,15.32,-0.04,-0.2611,29217.0,44391.935,2.094
600327.SH,20240813,3.38,3.39,3.32,3.38,3.38,0.0,0.0,57739.12,19386.146,18.1338
600615.SH,20240813,9.47,9.51,9.17,9.38,9.47,-0.09,-0.9504,29708.11,27563.812,54.797
603338.SH,20240813,51.85,51.94,50.02,50.78,51.85,-1.07,-2.0636,23495.8,118897.493,7.264
600210.SH,20240813,4.91,4.91,4.85,4.9,4.9,0.0,0.0,61836.13,30166.547,9.4923
601696.SH,20240813,9.09,9.18,9.03,9.18,9.08,0.1,1.1013,167291.28,152239.142,1.013
301130.SZ,20240813,25.0,25.81,24.26,25.8,25.6,0.2,0.7813,22799.74,56302.505,1.02
000552.SZ,20240813,2.76,2.77,2.73,2.75,2.75,0.0,0.0,230545.37,63359.411,7.91
601567.SH,20240813,29.15,29.82,29.02,29.74,29.17,0.57,1.9541,97539.74,287665.0,5.535
000803.SZ,20240813,3.35,3.4,3.28,3.39,3.35,0.04,1.194,38337.89,12856.227,5.893
000758.SZ,20240813,4.6,4.63,4.55,4.6,4.57,0.03,0.6565,142476.0,65339.249,16.857
003041.SZ,20240813,11.27,11.36,11.17,11.26,11.24,0.02,0.1779,3742.4,4210.077,1.529
688302.SH,20240813,26.91,26.91,26.31,26.7,26.95,-0.25,-0.9276,5086.0,13470.298,1.0
688697.SH,20240813,14.25,14.44,14.2,14.38,14.33,0.05,0.3489,7991.85,11430.604,1.07
600817.SH,20240813,10.35,10.98,10.33,10.98,9.98,1.0,10.02,222923.66,241382.262,4.965
002251.SZ,20240813,2.6,2.69,2.59,2.63,2.67,-0.04,-1.4981,84791.8,22321.659,4.961
603730.SH,20240813,8.68,8.79,8.6,8.71,8.68,0.03,0.3456,13178.82,11425.652,4.892
920252.BJ,20240813,6.92,7.2,6.92,7.07,7.0,0.07,1.0,9680.86,6826.002,4.3264
002562.SZ,20240813,3.45,3.47,3.37,3.46,3.45,0.01,0.2899,254227.0,86689.201,6.896
300519.SZ,20240813,12.66,12.98,12.59,12.92,13.12,-0.2,-1.5244,86391.0,110467.08,2.442
600730.SH,20240813,4.11,4.13,4.05,4.12,4.12,0.0,0.0,70238.0,28719.93,5.561
300145.SZ,20240813,2.44,2.5,2.42,2.49,2.45,0.04,1.6327,219599.0,54203.333,19.552
002722.SZ,20240813,11.49,11.54,11.31,11.53,11.39,0.14,1.2291,15533.0,17778.661,1.0934
688484.SH,20240813,28.97,29.33,28.86,29.31,29.09,0.22,0.7563,26935.12,78416.668,1.014
000998.SZ,20240813,9.97,10.01,9.88,9.98,9.97,0.01,0.1003,78209.29,77747.009,11.0255
300389.SZ,20240813,9.56,9.75,9.51,9.73,9.57,0.16,1.6719,36896.0,35606.285,4.873
000065.SZ,20240813,9.3,9.43,9.24,9.43,9.34,0.09,0.9636,34473.2,32228.738,17.613
002345.SZ,20240813,4.39,4.4,4.3,4.35,4.36,-0.01,-0.2294,62094.0,26968.431,7.941
001288.SZ,20240813,25.56,25.58,24.85,25.12,25.29,-0.17,-0.6722,5622.77,14075.803,1.024
600715.SH,20240813,1.69,1.8,1.69,1.8,1.71,0.09,5.2632,341428.0,60922.5,3.888
688153.SH,20240813,32.04,32.29,31.7,32.08,32.0,0.08,0.25,10625.38,33925.172,1.0015
603755.SH,20240813,22.37,22.7,22.34,22.7,22.5,0.2,0.8889,3634.0,8182.957,1.036
603275.SH,20240813,28.69,28.88,28.45,28.71,28.68,0.03,0.1046,2263.22,6481.264,1.0047
000683.SZ,20240813,6.4,6.43,6.31,6.38,6.36,0.02,0.3145,170640.0,108488.413,8.134
002772.SZ,20240813,6.02,6.03,5.94,5.99,6.02,-0.03,-0.4983,17485.0,10454.937,2.348
601188.SH,20240813,3.13,3.17,3.11,3.17,3.14,0.03,0.9554,165711.99,52047.962,1.297
300327.SZ,20240813,19.1,19.33,18.89,19.22,19.13,0.09,0.4705,44176.88,84434.951,3.1057
603073.SH,20240813,13.9,14.05,13.8,13.97,13.89,0.08,0.576,4234.56,5892.685,1.037
301314.SZ,20240813,32.3,32.56,31.39,32.07,32.58,-0.51,-1.5654,11432.67,36511.727,1.341
603688.SH,20240813,26.82,27.08,26.35,26.77,26.83,-0.06,-0.2236,49513.99,131755.296,2.656
603558.SH,20240813,8.71,8.81,8.56,8.81,8.74,0.07,0.8009,71399.0,62099.074,4.529
300992.SZ,20240813,15.94,16.2,15.66,16.11,15.92,0.19,1.1935,6814.0,10870.656,1.012
001228.SZ,20240813,18.35,18.65,18.18,18.62,18.53,0.09,0.4857,6477.0,11947.5,1.034
603082.SH,20240813,29.98,30.76,29.66,30.36,29.95,0.41,1.3689,27943.56,84697.615,1.018
300206.SZ,20240813,8.4,8.45,8.25,8.36,8.45,-0.09,-1.0651,26180.0,21761.391,6.961
920047.BJ,20240813,12.1,12.2,11.87,11.92,12.1,-0.18,-1.4876,3828.04,4575.817,433.618
002114.SZ,20240813,4.56,4.61,4.51,4.59,4.52,0.07,1.5487,54103.0,24665.657,1.82
603043.SH,20240813,15.69,15.74,15.31,15.39,15.71,-0.32,-2.0369,24673.0,38142.627,1.557
600596.SH,20240813,7.69,7.78,7.62,7.76,7.7,0.06,0.7792,45838.4,35359.478,12.64
600738.SH,20240813,3.65,3.67,3.61,3.66,3.67,-0.01,-0.2725,35555.0,12935.588,7.6224
601456.SH,20240813,9.62,9.79,9.51,9.79,9.62,0.17,1.7672,374415.44,361654.931,1.0324
002545.SZ,20240813,6.19,6.25,6.17,6.25,6.18,0.07,1.1327,52655.03,32730.531,5.8872
300988.SZ,20240813,16.82,16.99,16.45,16.99,16.98,0.01,0.0589,26626.41,44631.562,1.8635
605116.SH,20240813,23.5,23.65,22.96,23.28,23.52,-0.24,-1.0204,16307.55,37764.986,1.03
601398.SH,20240813,5.99,6.08,5.93,6.0,5.99,0.01,0.1669,2404186.94,1445004.523,2.3537
002342.SZ,20240813,3.02,3.09,2.97,3.09,3.02,0.07,2.3179,100625.0,30665.581,2.481
600126.SH,20240813,3.56,3.59,3.53,3.58,3.56,0.02,0.5618,140962.5,50279.987,5.952
300784.SZ,20240813,53.19,53.88,52.52,53.7,53.14,0.56,1.0538,9296.2,49350.603,1.0
002721.SZ,20240813,2.12,2.15,2.12,2.14,2.13,0.01,0.4695,29553.05,6329.596,3.046
600623.SH,20240813,6.06,6.14,6.06,6.14,6.08,0.06,0.9868,56423.0,34480.238,32.0282
002172.SZ,20240813,2.57,2.57,2.5,2.54,2.55,-0.01,-0.3922,68659.0,17347.224,3.012
600178.SH,20240813,8.23,8.3,8.1,8.25,8.24,0.01,0.1214,50391.98,41256.27,2.15
688010.SH,20240813,13.86,13.97,13.68,13.95,13.8,0.15,1.087,2927.59,4047.061,1.065
001296.SZ,20240813,14.8,15.05,14.55,15.05,14.81,0.24,1.6205,11175.9,16693.986,1.887
002249.SZ,20240813,4.53,4.61,4.52,4.6,4.54,0.06,1.3216,102053.81,46639.781,13.3822
002602.SZ,20240813,3.13,3.13,3.08,3.12,3.11,0.01,0.3215,387988.33,120348.34,9.619
301086.SZ,20240813,39.51,41.5,39.51,40.56,39.82,0.74,1.8584,30370.96,123294.515,1.59
600339.SH,20240813,3.29,3.35,3.27,3.35,3.28,0.07,2.1341,370296.1,122821.816,4.2899
301266.SZ,20240813,32.3,33.25,31.0,32.8,32.48,0.32,0.9852,49269.0,158332.023,1.01
600252.SH,20240813,2.33,2.35,2.32,2.34,2.35,-0.01,-0.4255,231872.0,54167.326,39.368
300873.SZ,20240813,14.12,14.25,13.97,14.17,14.18,-0.01,-0.0705,11820.4,16680.586,1.6972
600749.SH,20240813,10.64,10.75,10.46,10.74,10.54,0.2,1.8975,33585.02,35636.052,3.127
603988.SH,20240813,10.3,11.3,10.01,10.61,10.3,0.31,3.0097,271111.83,288507.305,3.425
300520.SZ,20240813,14.65,14.89,14.48,14.88,14.59,0.29,1.9877,37459.0,55011.292,2.251
000850.SZ,20240813,3.12,3.15,3.1,3.14,3.12,0.02,0.641,22801.0,7131.588,9.152
300458.SZ,20240813,23.59,24.35,23.46,24.19,23.68,0.51,2.1537,184410.74,441649.747,4.083
002642.SZ,20240813,5.23,5.26,5.14,5.23,5.21,0.02,0.3839,84952.32,44164.436,4.631
688398.SH,20240813,13.78,13.87,13.31,13.59,13.68,-0.09,-0.6579,8863.49,11939.257,2.202
002629.SZ,20240813,1.71,1.88,1.71,1.88,1.71,0.17,9.9415,331553.4,60826.476,3.727
000885.SZ,20240813,11.47,11.94,11.44,11.86,11.52,0.34,2.9514,49475.97,58256.054,2.1562
688507.SH,20240813,46.36,47.22,45.82,47.22,46.58,0.64,1.374,4245.33,19756.058,2.168
300210.SZ,20240813,6.91,7.04,6.83,7.03,6.92,0.11,1.5896,66070.0,45873.04,5.977
300418.SZ,20240813,26.58,26.75,26.25,26.71,26.55,0.16,0.6026,174244.11,461926.42,4.0482
605080.SH,20240813,14.45,14.53,14.22,14.45,14.49,-0.04,-0.2761,8339.4,12001.077,1.4267
600036.SH,20240813,32.1,32.23,31.76,31.94,32.12,-0.18,-0.5604,282377.69,902009.896,6.0581
688248.SH,20240813,26.03,26.35,26.0,26.27,26.16,0.11,0.4205,10220.32,26748.606,1.0118
600839.SH,20240813,4.16,4.2,4.13,4.2,4.16,0.04,0.9615,466857.89,194237.081,28.541
600084.SH,20240813,4.89,4.94,4.82,4.92,4.9,0.02,0.4082,35861.0,17492.431,7.186
300390.SZ,20240813,16.56,16.86,16.43,16.69,16.56,0.13,0.785,60858.5,101147.372,8.918
002259.SZ,20240813,2.39,2.4,2.34,2.38,2.38,0.0,0.0,7290.01,1728.641,2.585
301235.SZ,20240813,18.44,18.44,18.12,18.27,18.44,-0.17,-0.9219,5692.0,10393.65,1.012
002961.SZ,20240813,10.69,10.87,10.55,10.86,10.69,0.17,1.5903,36683.95,39295.88,1.074
300190.SZ,20240813,2.88,2.99,2.85,2.95,2.93,0.02,0.6826,78047.83,22798.102,11.6932
300332.SZ,20240813,5.11,5.15,5.05,5.12,5.12,0.0,0.0,39321.35,20096.564,2.1179
603282.SH,20240813,16.0,16.03,15.41,15.84,16.25,-0.41,-2.5231,45219.12,70775.75,1.032
605168.SH,20240813,24.09,24.32,23.61,24.05,24.2,-0.15,-0.6198,18522.19,44348.289,3.404
002316.SZ,20240813,2.69,2.73,2.59,2.6,2.73,-0.13,-4.7619,322762.33,85370.619,3.336
688219.SH,20240813,7.24,7.3,7.18,7.29,7.21,0.08,1.1096,9992.88,7241.483,1.0218
603568.SH,20240813,18.5,18.93,18.22,18.85,18.62,0.23,1.2352,40980.2,76486.978,3.731
603960.SH,20240813,18.65,18.76,18.36,18.74,18.62,0.12,0.6445,78625.84,145944.625,3.182
002792.SZ,20240813,10.84,10.95,10.6,10.78,10.96,-0.18,-1.6423,171337.22,184105.868,3.083
000910.SZ,20240813,6.17,6.19,6.11,6.17,6.16,0.01,0.1623,7792.0,4795.04,2.648
603516.SH,20240813,28.8,29.11,28.0,28.4,28.06,0.34,1.2117,88931.0,253961.923,2.088
300655.SZ,20240813,6.62,6.66,6.54,6.66,6.59,0.07,1.0622,61440.7,40577.62,9.026
002883.SZ,20240813,8.69,9.23,8.69,9.11,8.73,0.38,4.3528,97287.92,87468.103,3.0243
601033.SH,20240813,14.55,14.68,14.47,14.59,14.62,-0.03,-0.2052,15626.7,22732.184,1.034
603939.SH,20240813,22.07,22.08,21.11,21.39,21.99,-0.6,-2.7285,122926.54,261948.789,6.484
600153.SH,20240813,7.59,7.61,7.46,7.53,7.58,-0.05,-0.6596,158700.26,119277.344,20.91
301046.SZ,20240813,18.28,18.66,18.1,18.62,18.49,0.13,0.7031,9842.0,18090.831,1.027
301212.SZ,20240813,19.07,19.46,18.79,19.34,19.33,0.01,0.0517,10400.41,19873.339,1.026
600963.SH,20240813,3.62,3.7,3.53,3.58,3.67,-0.09,-2.4523,443198.57,158892.737,4.688
300368.SZ,20240813,2.63,2.78,2.62,2.69,2.64,0.05,1.8939,219221.41,59378.136,8.151
603607.SH,20240813,12.28,12.47,12.25,12.47,12.28,0.19,1.5472,18188.0,22477.114,2.276
000037.SZ,20240813,7.56,7.6,7.45,7.53,7.58,-0.05,-0.6596,48318.01,36257.781,5.668
603383.SH,20240813,29.3,29.92,29.23,29.8,29.37,0.43,1.4641,19208.44,56728.537,2.617
002362.SZ,20240813,14.77,14.83,14.5,14.73,14.61,0.12,0.8214,25909.0,37843.609,2.0
002110.SZ,20240813,2.86,2.89,2.84,2.87,2.85,0.02,0.7018,72972.5,20928.107,2.479
300365.SZ,20240813,4.48,4.58,4.42,4.58,4.5,0.08,1.7778,68799.0,31086.519,11.116
000893.SZ,20240813,16.78,16.8,16.54,16.63,16.79,-0.16,-0.9529,49823.0,82894.806,2.035
002516.SZ,20240813,3.61,3.67,3.59,3.65,3.63,0.02,0.551,45087.0,16349.515,9.266
000718.SZ,20240813,1.67,1.7,1.65,1.69,1.68,0.01,0.5952,138353.9,23210.493,8.6873
603577.SH,20240813,6.61,6.78,6.6,6.78,6.66,0.12,1.8018,23952.0,16071.451,2.193
300811.SZ,20240813,37.78,38.48,37.77,38.3,37.63,0.67,1.7805,14797.8,56380.202,4.612
300724.SZ,20240813,47.79,48.56,47.3,48.06,47.96,0.1,0.2085,56477.86,270536.317,1.033
603737.SH,20240813,30.36,30.43,29.48,30.0,30.23,-0.23,-0.7608,52882.52,157414.723,5.2
300878.SZ,20240813,16.1,16.11,15.45,15.78,16.05,-0.27,-1.6822,32642.0,51332.435,1.89
000509.SZ,20240813,3.49,3.54,3.38,3.54,3.22,0.32,9.9379,464268.87,162340.946,9.7463
603803.SH,20240813,5.61,5.68,5.55,5.67,5.61,0.06,1.0695,35818.0,20125.471,1.068
002829.SZ,20240813,18.77,20.55,18.77,20.55,18.68,1.87,10.0107,377112.27,763200.013,2.448
300563.SZ,20240813,39.2,40.8,38.33,39.15,38.56,0.59,1.5301,288994.72,1144911.954,1.98
600099.SH,20240813,7.01,7.08,6.94,7.05,7.06,-0.01,-0.1416,33850.0,23715.22,2.7678
605376.SH,20240813,21.08,21.29,20.92,21.25,21.1,0.15,0.7109,19230.02,40583.382,1.0279
688576.SH,20240813,57.95,58.22,57.51,58.09,57.95,0.14,0.2416,967.08,5592.712,1.0
301281.SZ,20240813,22.41,22.66,22.21,22.56,22.75,-0.19,-0.8352,18012.2,40422.273,1.43
601877.SH,20240813,18.61,18.82,18.52,18.74,18.7,0.04,0.2139,43970.76,82021.526,1.9503
002688.SZ,20240813,3.84,3.85,3.76,3.82,3.81,0.01,0.2625,56523.0,21487.192,6.116
000878.SZ,20240813,11.07,11.12,10.9,11.04,11.01,0.03,0.2725,148567.73,163518.548,3.033
002295.SZ,20240813,5.0,5.07,4.93,5.07,4.99,0.08,1.6032,43455.0,21826.035,1.5982
002304.SZ,20240813,79.9,80.17,78.78,79.17,79.89,-0.72,-0.9012,31383.9,248479.059,4.732
601991.SH,20240813,2.84,2.87,2.82,2.85,2.84,0.01,0.3521,457713.09,130216.592,2.758
688722.SH,20240813,10.15,10.24,10.1,10.24,10.15,0.09,0.8867,5048.54,5137.639,1.037
688127.SH,20240813,17.27,17.87,17.11,17.78,17.1,0.68,3.9766,44832.96,78296.962,1.0314
002049.SZ,20240813,49.78,50.22,49.58,50.2,49.77,0.43,0.864,61378.74,306423.261,6.265
002778.SZ,20240813,9.63,9.82,9.17,9.81,9.76,0.05,0.5123,23840.6,22736.013,1.439
920357.BJ,20240813,13.23,14.5,13.23,14.25,13.33,0.92,6.9017,34410.91,48573.73,1.4285
002084.SZ,20240813,2.52,2.57,2.48,2.57,2.53,0.04,1.581,55390.44,14045.798,3.356
301208.SZ,20240813,24.63,24.88,24.31,24.83,24.52,0.31,1.2643,13894.59,34197.915,1.851
688006.SH,20240813,17.35,17.59,16.57,16.78,16.35,0.43,2.63,45241.33,76528.01,1.458
603899.SH,20240813,29.03,29.11,28.75,28.92,29.11,-0.19,-0.6527,19673.92,56866.721,2.245
688469.SH,20240813,3.73,3.75,3.7,3.75,3.72,0.03,0.8065,171504.67,63888.03,1.0
603268.SH,20240813,12.43,12.72,12.32,12.61,12.57,0.04,0.3182,4468.0,5594.069,1.426
002410.SZ,20240813,10.34,10.4,10.19,10.32,10.39,-0.07,-0.6737,176003.08,180872.0,18.076
688349.SH,20240813,23.62,24.02,23.62,23.9,23.92,-0.02,-0.0836,5834.02,13895.422,1.037
301196.SZ,20240813,27.08,27.48,26.98,27.33,27.08,0.25,0.9232,2068.95,5637.895,1.068
301168.SZ,20240813,26.5,27.4,25.95,27.06,26.67,0.39,1.4623,20211.0,53940.29,1.009
301291.SZ,20240813,31.6,32.17,31.37,31.86,31.73,0.13,0.4097,16507.58,52299.062,1.0229
688103.SH,20240813,31.29,31.88,30.85,31.53,31.44,0.09,0.2863,9197.88,28813.41,1.019
688217.SH,20240813,15.17,15.3,14.65,15.1,15.39,-0.29,-1.8843,11269.02,16836.883,1.005
600764.SH,20240813,19.0,19.55,18.99,19.33,18.95,0.38,2.0053,34329.91,66263.762,8.507
002522.SZ,20240813,3.1,3.14,3.07,3.13,3.1,0.03,0.9677,45901.0,14281.708,8.642
605577.SH,20240813,14.14,14.23,13.85,14.1,14.2,-0.1,-0.7042,28233.0,39549.345,1.0236
920570.BJ,20240813,22.21,23.2,22.21,23.2,22.61,0.59,2.6095,2728.58,6221.778,1.4905
301176.SZ,20240813,18.43,19.59,17.49,17.78,17.98,-0.2,-1.1123,81661.0,149194.401,1.006
301331.SZ,20240813,22.65,22.89,22.4,22.61,22.95,-0.34,-1.4815,8123.96,18376.484,1.552
600678.SH,20240813,5.19,5.47,5.13,5.41,5.28,0.13,2.4621,308963.08,165070.953,4.222
605151.SH,20240813,14.75,14.9,14.66,14.89,14.75,0.14,0.9492,3483.0,5156.129,1.069
688027.SH,20240813,147.87,147.99,145.0,146.82,146.79,0.03,0.0204,5066.42,74197.988,1.001
300935.SZ,20240813,15.87,16.12,15.65,16.1,15.93,0.17,1.0672,14317.4,22798.759,1.444
300588.SZ,20240813,7.49,7.58,7.37,7.55,7.46,0.09,1.2064,22673.0,16965.457,1.613
002042.SZ,20240813,3.14,3.16,3.1,3.14,3.14,0.0,0.0,95253.0,29763.962,7.657
688008.SH,20240813,54.05,54.9,53.71,54.86,53.8,1.06,1.9703,113020.31,614330.869,1.024
603099.SH,20240813,22.03,22.13,21.32,21.59,21.99,-0.4,-1.819,69224.0,149510.318,1.029
300076.SZ,20240813,3.32,3.53,3.21,3.42,3.3,0.12,3.6364,220834.0,74492.89,8.312
601566.SH,20240813,8.65,9.07,8.16,8.38,8.7,-0.32,-3.6782,123311.41,103214.782,1.81
600846.SH,20240813,6.97,7.06,6.93,7.02,7.0,0.02,0.2857,25794.66,18073.141,17.7758
001267.SZ,20240813,5.78,5.84,5.66,5.75,5.69,0.06,1.0545,106541.5,61260.465,1.032
300640.SZ,20240813,3.85,3.97,3.82,3.96,3.88,0.08,2.0619,38804.0,15137.816,2.975
300642.SZ,20240813,11.83,11.9,11.48,11.66,11.97,-0.31,-2.5898,19751.9,22909.166,2.861
600641.SH,20240813,10.28,10.39,10.21,10.38,10.34,0.04,0.3868,40774.28,42020.917,21.031
002949.SZ,20240813,9.02,9.24,8.95,9.24,9.05,0.19,2.0994,15173.0,13860.315,1.166
300631.SZ,20240813,16.83,17.3,16.3,17.3,16.7,0.6,3.5928,37989.0,64629.747,1.681
002028.SZ,20240813,66.71,69.17,66.45,68.48,67.03,1.45,2.1632,72123.17,492944.897,20.26
300785.SZ,20240813,15.49,15.56,15.11,15.35,15.51,-0.16,-1.0316,19469.5,29816.578,3.485
605337.SH,20240813,9.59,9.59,9.38,9.46,9.51,-0.05,-0.5258,12288.56,11604.213,2.742
603117.SH,20240813,4.44,4.52,4.42,4.44,4.42,0.02,0.4525,33914.0,15146.803,1.482
000518.SZ,20240813,2.32,2.34,2.19,2.21,2.26,-0.05,-2.2124,918931.81,207597.038,8.377
000688.SZ,20240813,9.64,9.75,9.5,9.61,9.64,-0.03,-0.3112,22796.89,21879.625,4.9735
600733.SH,20240813,7.6,7.77,7.37,7.73,7.62,0.11,1.4436,2966734.99,2245012.492,9.36
688338.SH,20240813,22.49,22.8,22.41,22.79,22.54,0.25,1.1091,3972.26,8991.042,1.341
688299.SH,20240813,11.01,11.3,11.01,11.29,11.16,0.13,1.1649,9865.43,11056.236,1.024
603136.SH,20240813,10.15,10.17,9.93,10.02,10.12,-0.1,-0.9881,21169.45,21167.35,3.356
002218.SZ,20240813,2.84,3.14,2.8,2.98,2.85,0.13,4.5614,434331.64,129201.934,5.7008
688332.SH,20240813,52.52,53.81,52.33,53.81,52.88,0.93,1.7587,7911.85,42052.42,1.033
002391.SZ,20240813,4.44,4.49,4.4,4.49,4.44,0.05,1.1261,7638.34,3403.655,6.395
300194.SZ,20240813,4.12,4.14,4.07,4.13,4.12,0.01,0.2427,207597.0,85223.034,6.562
001207.SZ,20240813,13.31,13.49,13.31,13.49,13.38,0.11,0.8221,9174.0,12288.857,1.076
920023.BJ,20240813,2.43,2.48,2.42,2.46,2.45,0.01,0.4082,12049.91,2952.489,2.0736
600702.SH,20240813,54.63,54.75,53.51,54.0,54.63,-0.63,-1.1532,44844.78,241608.369,3.624
300985.SZ,20240813,15.31,16.75,15.3,16.28,15.5,0.78,5.0323,85276.34,137436.231,1.429
688516.SH,20240813,36.31,36.98,35.86,36.66,36.62,0.04,0.1092,38031.84,137981.472,3.096
300875.SZ,20240813,22.48,25.65,21.9,23.32,22.99,0.33,1.4354,170117.72,405678.616,1.314
300786.SZ,20240813,10.29,10.49,10.03,10.2,10.38,-0.18,-1.7341,39193.6,39899.182,2.946
603992.SH,20240813,16.48,16.48,16.08,16.45,16.23,0.22,1.3555,6047.0,9831.755,1.068
603261.SH,20240813,31.03,31.75,30.53,31.04,31.12,-0.08,-0.2571,30232.0,93616.736,1.01
920204.BJ,20240813,7.2,7.38,7.0,7.18,7.34,-0.16,-2.1798,14612.38,10518.482,3.0943
300616.SZ,20240813,10.48,10.57,10.16,10.32,10.51,-0.19,-1.8078,29714.99,30522.859,1.989
603885.SH,20240813,11.42,11.46,11.08,11.36,11.44,-0.08,-0.6993,150149.98,168202.561,2.99
603199.SH,20240813,31.72,32.0,31.2,31.83,31.87,-0.04,-0.1255,14550.04,45916.491,1.074
600123.SH,20240813,8.13,8.18,8.01,8.08,8.11,-0.03,-0.3699,91991.39,74353.119,12.765
688225.SH,20240813,10.75,10.75,10.57,10.73,10.65,0.08,0.7512,5256.07,5604.77,1.008
002144.SZ,20240813,8.58,8.62,8.47,8.62,8.57,0.05,0.5834,14552.0,12453.055,1.176
300056.SZ,20240813,8.4,8.69,8.21,8.51,8.5,0.01,0.1176,71988.06,60403.844,5.971
688200.SH,20240813,86.07,86.98,83.37,84.7,86.07,-1.37,-1.5917,9949.55,84480.456,2.235
688222.SH,20240813,9.9,9.91,9.65,9.81,9.89,-0.08,-0.8089,30101.6,29329.399,1.011
600818.SH,20240813,11.61,11.76,11.43,11.74,11.6,0.14,1.2069,38044.99,44139.447,2.155
300853.SZ,20240813,12.05,12.22,11.91,12.19,12.05,0.14,1.1618,12729.0,15396.289,1.873
002873.SZ,20240813,8.9,8.92,8.52,8.71,8.99,-0.28,-3.1146,175913.99,152624.249,3.474
600470.SH,20240813,4.15,4.2,4.11,4.19,4.18,0.01,0.2392,37393.0,15541.198,2.436
603059.SH,20240813,21.73,22.1,21.41,22.09,21.5,0.59,2.7442,7786.0,17034.842,1.3109
300378.SZ,20240813,15.72,15.81,15.28,15.56,15.84,-0.28,-1.7677,80019.0,123618.493,2.337
300081.SZ,20240813,4.13,4.26,4.09,4.23,4.15,0.08,1.9277,127460.0,53436.737,5.073
603511.SH,20240813,10.75,10.87,10.7,10.85,10.78,0.07,0.6494,5001.0,5393.32,1.147
002942.SZ,20240813,11.62,11.8,11.46,11.8,11.62,0.18,1.5491,8776.1,10249.809,1.43
600917.SH,20240813,5.55,5.59,5.51,5.57,5.55,0.02,0.3604,14085.18,7814.031,1.153
600323.SH,20240813,21.3,21.76,21.3,21.65,21.43,0.22,1.0266,49859.11,107556.729,3.8996
002099.SZ,20240813,5.46,5.53,5.38,5.48,5.46,0.02,0.3663,58328.26,31788.583,7.264
603380.SH,20240813,17.9,18.1,17.7,18.05,17.9,0.15,0.838,6650.0,11905.706,1.0787
002658.SZ,20240813,5.46,6.26,5.36,5.79,5.69,0.1,1.7575,338977.19,196898.928,5.572
688108.SH,20240813,7.92,7.97,7.67,7.78,7.95,-0.17,-2.1384,33321.36,25853.29,1.003
600881.SH,20240813,1.04,1.06,1.02,1.05,1.04,0.01,0.9615,414699.5,43021.758,47.238
000069.SZ,20240813,2.0,2.01,1.97,2.01,2.01,0.0,0.0,412266.12,82114.475,45.255
002523.SZ,20240813,2.25,2.3,2.24,2.3,2.25,0.05,2.2222,103500.36,23509.283,7.566
688521.SH,20240813,29.0,29.18,28.33,28.75,28.83,-0.08,-0.2775,37519.77,107713.952,1.0
600689.SH,20240813,6.96,6.96,6.79,6.91,6.86,0.05,0.7289,29401.17,20180.567,2.552
600981.SH,20240813,1.69,1.69,1.64,1.67,1.68,-0.01,-0.5952,82022.0,13663.002,5.053
301300.SZ,20240813,21.96,22.3,21.61,22.28,21.96,0.32,1.4572,8719.11,19249.646,1.042
603196.SH,20240813,6.63,6.73,6.48,6.59,6.63,-0.04,-0.6033,25610.0,16823.838,1.119
002859.SZ,20240813,18.0,18.2,17.85,18.1,18.0,0.1,0.5556,13601.84,24500.667,4.213
600060.SH,20240813,18.09,18.09,17.33,17.69,18.09,-0.4,-2.2112,134853.0,236947.561,6.4561
300306.SZ,20240813,8.61,8.88,8.61,8.86,8.74,0.12,1.373,18575.0,16356.814,4.624
300713.SZ,20240813,14.01,14.41,13.81,14.41,14.01,0.4,2.8551,88246.3,125479.612,2.975
600108.SH,20240813,2.44,2.46,2.42,2.45,2.44,0.01,0.4098,92027.0,22429.862,9.7649
603002.SH,20240813,4.57,4.64,4.52,4.63,4.58,0.05,1.0917,107119.0,49158.25,1.843
300598.SZ,20240813,27.46,27.7,27.1,27.68,27.3,0.38,1.3919,19675.78,54172.622,2.557
920396.BJ,20240813,9.56,9.69,9.5,9.61,9.55,0.06,0.6283,1079.52,1034.843,1.8823
300263.SZ,20240813,5.37,5.42,5.25,5.41,5.37,0.04,0.7449,60873.55,32588.565,8.432
688312.SH,20240813,19.2,19.53,18.96,19.5,19.22,0.28,1.4568,8939.95,17185.544,1.092
003043.SZ,20240813,38.08,39.71,38.08,39.71,38.08,1.63,4.2805,26577.95,104212.027,1.019
688028.SH,20240813,14.4,14.73,14.4,14.68,14.53,0.15,1.0323,8348.83,12154.374,1.49
603391.SH,20240813,43.59,43.89,42.14,42.53,43.9,-1.37,-3.1207,34549.73,147675.374,1.0
300883.SZ,20240813,4.22,4.31,4.17,4.29,4.25,0.04,0.9412,38741.0,16490.962,1.0064
688793.SH,20240813,31.07,31.5,30.5,30.98,31.27,-0.29,-0.9274,6675.07,20696.797,1.42
000401.SZ,20240813,4.51,4.53,4.45,4.52,4.51,0.01,0.2217,44546.42,20026.344,4.587
002017.SZ,20240813,8.01,8.04,7.75,7.87,8.07,-0.2,-2.4783,156601.48,123123.682,8.395
301317.SZ,20240813,15.02,15.21,14.83,15.21,15.01,0.2,1.3324,3329.22,5015.211,1.029
600496.SH,20240813,2.45,2.48,2.44,2.48,2.46,0.02,0.813,69243.3,17076.759,10.4151
000001.SZ,20240813,10.02,10.03,9.92,9.95,10.01,-0.06,-0.5994,622077.2,620061.492,125.049
000968.SZ,20240813,6.15,6.36,6.15,6.29,6.16,0.13,2.1104,129767.42,81294.04,1.9749
601958.SH,20240813,10.07,10.14,9.78,9.94,10.01,-0.07,-0.6993,135299.68,134023.436,1.5862
603172.SH,20240813,17.8,18.09,17.71,18.09,17.8,0.29,1.6292,21134.0,37926.597,1.006
002229.SZ,20240813,8.95,9.0,8.76,8.96,8.92,0.04,0.4484,144549.0,128458.485,5.186
688339.SH,20240813,19.66,20.2,19.5,20.01,19.9,0.11,0.5528,17212.13,34160.2,2.7438
600120.SH,20240813,3.49,3.55,3.48,3.55,3.5,0.05,1.4286,88412.91,31152.874,82.162
002488.SZ,20240813,6.13,6.8,6.11,6.8,6.44,0.36,5.5901,645275.44,423390.659,6.1747
688012.SH,20240813,152.63,155.38,152.12,155.37,152.6,2.77,1.8152,32504.12,500880.717,1.004
603058.SH,20240813,7.39,7.45,7.34,7.45,7.39,0.06,0.8119,21944.0,16247.461,1.159
300063.SZ,20240813,3.86,3.86,3.77,3.85,3.85,0.0,0.0,185851.0,70895.386,7.861
000520.SZ,20240813,2.26,2.35,2.23,2.28,2.2,0.08,3.6364,399692.0,91261.627,6.855
600960.SH,20240813,2.68,2.73,2.66,2.73,2.69,0.04,1.487,65044.0,17566.945,4.435
603375.SH,20240813,38.96,41.88,37.71,41.8,40.08,1.72,4.2914,81613.74,329557.446,1.0113
000034.SZ,20240813,22.23,22.46,21.91,22.34,22.27,0.07,0.3143,87364.0,193651.49,3.217
301063.SZ,20240813,14.52,14.83,14.4,14.83,14.64,0.19,1.2978,26355.0,38577.308,1.022
920942.BJ,20240813,7.96,8.77,7.96,8.3,8.0,0.3,3.75,4471.69,3752.338,1.8899
002194.SZ,20240813,7.45,7.55,7.41,7.5,7.46,0.04,0.5362,44903.6,33518.796,3.884
600805.SH,20240813,3.53,3.58,3.47,3.55,3.54,0.01,0.2825,62102.99,21935.174,14.398
920427.BJ,20240813,9.07,9.1,8.83,9.05,9.1,-0.05,-0.5495,3286.95,2941.662,151.3158
300527.SZ,20240813,6.49,6.65,6.48,6.6,6.5,0.1,1.5385,60853.15,39970.402,2.005
600761.SH,20240813,17.02,17.13,16.63,16.82,17.06,-0.24,-1.4068,82036.02,137649.982,13.827
688082.SH,20240813,94.98,95.33,91.9,94.21,94.19,0.02,0.0212,15756.44,147207.879,1.0108
300967.SZ,20240813,10.0,10.38,9.86,10.21,10.05,0.16,1.592,49197.18,50031.286,1.016
603869.SH,20240813,4.39,4.42,4.35,4.39,4.39,0.0,0.0,13995.55,6139.164,1.517
002877.SZ,20240813,6.76,6.81,6.67,6.79,6.76,0.03,0.4438,23246.14,15679.208,2.818
301053.SZ,20240813,24.0,24.0,22.7,23.46,24.46,-1.0,-4.0883,46577.45,108276.794,1.021
603699.SH,20240813,17.57,17.79,17.42,17.72,17.7,0.02,0.113,17287.56,30364.932,1.3274
002460.SZ,20240813,26.61,27.32,26.24,27.16,26.62,0.54,2.0285,134546.05,360635.444,14.0732
603169.SH,20240813,4.43,4.48,4.37,4.48,4.43,0.05,1.1287,44506.0,19760.586,1.627
603324.SH,20240813,26.78,28.24,24.58,24.86,25.67,-0.81,-3.1554,189873.92,507728.081,1.2388
688539.SH,20240813,23.91,24.26,23.7,24.14,23.95,0.19,0.7933,7377.92,17678.469,1.423
002726.SZ,20240813,7.14,7.23,7.07,7.15,7.18,-0.03,-0.4178,131313.14,93709.977,4.65
301261.SZ,20240813,35.62,36.31,35.55,36.31,35.8,0.51,1.4246,10819.21,38948.99,1.012
002358.SZ,20240813,3.2,3.24,3.18,3.22,3.21,0.01,0.3115,96347.0,30931.282,8.5509
300757.SZ,20240813,82.94,83.93,81.3,82.45,82.19,0.26,0.3163,38344.0,316460.528,1.845
600979.SH,20240813,3.22,3.26,3.19,3.25,3.23,0.02,0.6192,147649.6,47641.346,5.748
000615.SZ,20240813,1.75,1.82,1.74,1.8,1.77,0.03,1.6949,120616.0,21550.632,9.093
300014.SZ,20240813,36.65,38.24,36.39,37.93,36.65,1.28,3.4925,156990.37,587453.99,18.117
603665.SH,20240813,14.01,14.01,13.64,14.01,14.01,0.0,0.0,42726.96,59028.101,1.591
002506.SZ,20240813,1.91,1.94,1.88,1.93,1.91,0.02,1.0471,380861.23,72869.854,5.097
300755.SZ,20240813,13.81,13.81,13.54,13.69,13.7,-0.01,-0.073,14280.0,19474.669,1.874
000901.SZ,20240813,10.44,11.4,10.44,11.0,11.19,-0.19,-1.6979,2154709.6,2320197.671,6.547
300562.SZ,20240813,8.92,9.0,8.74,8.99,8.85,0.14,1.5819,91424.0,81240.028,3.327
688287.SH,20240813,5.0,5.09,4.98,5.08,5.02,0.06,1.1952,34139.7,17206.286,1.5915
600684.SH,20240813,2.79,2.81,2.72,2.81,2.77,0.04,1.444,214285.6,59101.797,15.167
600819.SH,20240813,4.53,4.56,4.43,4.56,4.51,0.05,1.1086,64195.01,28888.928,3.448
603556.SH,20240813,41.3,43.03,41.3,42.43,41.74,0.69,1.6531,24068.7,101838.109,1.581
002520.SZ,20240813,3.66,3.71,3.61,3.71,3.67,0.04,1.0899,69733.0,25597.462,8.878
002096.SZ,20240813,11.33,12.2,11.3,12.05,11.4,0.65,5.7018,179589.28,213098.309,5.057
688533.SH,20240813,21.62,21.83,21.3,21.67,21.66,0.01,0.0462,7399.25,15924.048,1.017
000501.SZ,20240813,7.12,7.18,7.05,7.12,7.14,-0.02,-0.2801,34652.0,24578.821,6.9685
920130.BJ,20240813,14.11,14.55,13.91,14.24,14.34,-0.1,-0.6974,49369.78,69918.86,1.0263
603166.SH,20240813,4.75,4.8,4.72,4.8,4.76,0.04,0.8403,26292.0,12523.033,1.534
601108.SH,20240813,6.61,6.69,6.58,6.68,6.61,0.07,1.059,228006.34,151413.582,1.172
002253.SZ,20240813,10.06,10.15,9.96,10.11,10.02,0.09,0.8982,41678.0,41924.672,3.858
605398.SH,20240813,18.86,18.98,18.55,18.98,18.73,0.25,1.3348,5643.59,10615.355,2.001
300788.SZ,20240813,23.52,23.68,22.75,23.2,23.6,-0.4,-1.6949,18852.0,43671.376,1.0765
603160.SH,20240813,58.8,59.86,58.75,59.82,58.76,1.06,1.8039,31883.42,189248.439,1.03
002876.SZ,20240813,20.02,20.38,19.74,20.38,19.94,0.44,2.2066,19387.0,39071.183,1.862
600513.SH,20240813,8.59,8.61,8.37,8.5,8.63,-0.13,-1.5064,67458.99,57181.566,6.692
002657.SZ,20240813,10.75,10.81,10.58,10.74,10.7,0.04,0.3738,31445.0,33618.012,3.637
002349.SZ,20240813,7.24,7.27,6.99,7.13,7.5,-0.37,-4.9333,353948.4,252169.079,8.094
920237.BJ,20240813,10.33,10.52,10.21,10.52,10.28,0.24,2.3346,1252.57,1294.429,1.4652
000778.SZ,20240813,3.55,3.59,3.54,3.59,3.55,0.04,1.1268,255838.63,91435.127,15.0899
002432.SZ,20240813,41.83,41.87,41.19,41.59,42.6,-1.01,-2.3709,103165.7,427767.022,3.341
301359.SZ,20240813,19.05,19.59,19.05,19.58,19.16,0.42,2.1921,13445.0,26153.481,1.036
603701.SH,20240813,10.29,10.33,10.15,10.29,10.27,0.02,0.1947,8372.13,8582.922,3.575
600258.SH,20240813,12.14,12.23,11.94,12.07,12.19,-0.12,-0.9844,88772.0,106713.647,2.508
002271.SZ,20240813,12.2,12.26,11.86,12.02,12.25,-0.23,-1.8776,404337.31,484778.212,35.151
603258.SH,20240813,15.15,15.31,14.98,15.2,15.21,-0.01,-0.0657,30122.21,45508.346,1.118
300523.SZ,20240813,15.49,15.68,15.41,15.63,15.42,0.21,1.3619,6269.0,9726.426,2.737
920378.BJ,20240813,3.97,3.97,3.92,3.94,3.94,0.0,0.0,3576.64,1407.091,2.4311
300705.SZ,20240813,22.68,23.3,22.51,23.21,22.71,0.5,2.2017,52632.42,121182.192,4.084
600580.SH,20240813,11.28,11.42,11.21,11.39,11.27,0.12,1.0648,120592.0,136310.982,7.5075
600693.SH,20240813,2.92,2.95,2.88,2.93,2.93,0.0,0.0,51145.0,14904.357,10.7756
002197.SZ,20240813,3.26,3.34,3.19,3.29,3.33,-0.04,-1.2012,108534.0,35459.949,4.09
600567.SH,20240813,1.44,1.46,1.43,1.45,1.44,0.01,0.6944,175626.0,25366.466,4.2141
920171.BJ,20240813,6.25,6.27,6.09,6.17,6.19,-0.02,-0.3231,7029.49,4333.05,2.9479
300645.SZ,20240813,10.99,11.23,10.85,11.19,11.01,0.18,1.6349,20970.0,23146.501,1.945
601929.SH,20240813,1.07,1.1,1.06,1.09,1.07,0.02,1.8692,745563.0,80562.383,2.185
000536.SZ,20240813,2.03,2.21,2.03,2.12,2.22,-0.1,-4.5045,1864266.15,391949.318,3.673
605389.SH,20240813,18.84,19.01,18.62,19.01,18.84,0.17,0.9023,3616.6,6819.891,1.477
600710.SH,20240813,7.81,7.92,7.79,7.91,7.81,0.1,1.2804,49946.6,39228.69,7.1688
300592.SZ,20240813,11.14,11.27,10.85,10.95,11.13,-0.18,-1.6173,44764.8,49116.725,1.441
600488.SH,20240813,3.8,3.83,3.74,3.77,3.8,-0.03,-0.7895,68733.94,25925.75,7.328
600460.SH,20240813,20.22,20.62,20.0,20.41,20.22,0.19,0.9397,357685.5,725819.646,14.953
603036.SH,20240813,9.61,9.74,9.49,9.73,9.53,0.2,2.0986,15459.01,14941.964,1.098
000661.SZ,20240813,92.27,92.3,90.02,91.1,92.44,-1.34,-1.4496,40715.38,369278.234,7.813
300107.SZ,20240813,8.65,8.86,8.61,8.84,8.64,0.2,2.3148,210215.0,183164.199,9.865
600698.SH,20240813,3.31,3.35,3.29,3.33,3.32,0.01,0.3012,23941.32,7940.923,5.222
603507.SH,20240813,20.3,20.99,20.2,20.86,20.41,0.45,2.2048,24103.41,49811.509,1.3607
300508.SZ,20240813,20.4,20.6,20.07,20.51,20.48,0.03,0.1465,12301.2,25015.721,1.966
002822.SZ,20240813,1.73,1.81,1.72,1.77,1.72,0.05,2.907,126842.0,22451.406,2.077
300634.SZ,20240813,13.68,13.91,13.46,13.73,13.74,-0.01,-0.0728,98995.78,134932.423,1.028
603722.SH,20240813,36.07,36.84,35.91,36.48,36.43,0.05,0.1372,3115.0,11273.372,1.057
002566.SZ,20240813,6.5,6.54,6.41,6.5,6.55,-0.05,-0.7634,30430.0,19676.889,3.193
301004.SZ,20240813,80.89,80.89,79.51,80.59,80.44,0.15,0.1865,2688.93,21542.91,1.082
300360.SZ,20240813,13.24,13.42,13.2,13.41,13.28,0.13,0.9789,41769.0,55611.43,6.795
600362.SH,20240813,20.42,20.46,20.12,20.31,20.27,0.04,0.1973,83652.2,169456.285,1.7559
920230.BJ,20240813,10.35,10.49,9.99,10.21,10.68,-0.47,-4.4007,38495.09,39110.935,1.4835
300534.SZ,20240813,7.99,8.01,7.75,7.86,8.11,-0.25,-3.0826,129404.0,101769.373,3.529
000428.SZ,20240813,2.89,2.91,2.83,2.89,2.88,0.01,0.3472,68828.01,19803.393,12.139
603948.SH,20240813,15.31,15.42,15.13,15.35,15.31,0.04,0.2613,3466.0,5286.531,1.189
300096.SZ,20240813,2.45,2.53,2.4,2.49,2.45,0.04,1.6327,68209.0,16874.833,5.124
000990.SZ,20240813,6.97,7.0,6.92,6.98,6.99,-0.01,-0.1431,57361.62,39943.226,3.184
301177.SZ,20240813,18.45,18.64,18.24,18.44,18.45,-0.01,-0.0542,5794.0,10649.14,1.082
688578.SH,20240813,52.06,52.54,51.31,51.96,51.91,0.05,0.0963,24494.92,126939.147,1.007
600315.SH,20240813,17.69,17.85,17.5,17.65,17.8,-0.15,-0.8427,31068.01,54627.036,5.611
002572.SZ,20240813,13.79,13.84,13.53,13.68,13.83,-0.15,-1.0846,70078.13,95600.394,21.129
000811.SZ,20240813,8.52,8.59,8.46,8.59,8.51,0.08,0.9401,48564.15,41438.588,15.972
300529.SZ,20240813,26.28,26.87,26.12,26.48,26.38,0.1,0.3791,47709.14,126120.748,2.089
600262.SH,20240813,18.2,18.43,17.8,18.42,17.97,0.45,2.5042,82190.0,148618.265,1.5638
605368.SH,20240813,13.6,13.77,13.5,13.6,13.5,0.1,0.7407,41678.09,56815.294,1.733
002887.SZ,20240813,6.23,6.29,6.07,6.29,6.31,-0.02,-0.317,99827.92,61785.716,4.503
002168.SZ,20240813,2.56,2.6,2.51,2.56,2.6,-0.04,-1.5385,183065.21,46464.32,14.975
300429.SZ,20240813,9.89,10.05,9.84,10.05,9.86,0.19,1.927,117610.0,116776.368,6.063
002951.SZ,20240813,4.36,4.46,4.2,4.35,4.36,-0.01,-0.2294,6873.0,2956.731,1.059
300910.SZ,20240813,41.04,41.32,40.1,40.7,40.91,-0.21,-0.5133,8065.5,32761.87,2.049
000572.SZ,20240813,3.16,3.25,3.16,3.24,3.18,0.06,1.8868,328595.0,105450.476,4.656
300305.SZ,20240813,4.81,4.87,4.71,4.87,4.81,0.06,1.2474,52155.04,25038.543,4.0297
301211.SZ,20240813,16.26,16.56,15.96,16.25,16.65,-0.4,-2.4024,93096.43,150872.844,1.267
301180.SZ,20240813,12.38,12.69,12.34,12.65,12.38,0.27,2.1809,23517.0,29480.084,1.0063
002327.SZ,20240813,8.63,8.64,8.25,8.33,8.64,-0.31,-3.588,136731.16,114007.511,13.13
002838.SZ,20240813,8.68,8.86,8.48,8.85,8.69,0.16,1.8412,38048.69,33080.071,5.0492
301109.SZ,20240813,14.51,14.9,14.5,14.85,14.67,0.18,1.227,17095.0,25222.968,1.696
603341.SH,20240813,33.85,35.66,33.4,34.91,33.85,1.06,3.1315,45984.75,159840.265,1.012
688308.SH,20240813,17.5,17.71,17.2,17.4,17.5,-0.1,-0.5714,6383.53,11069.34,1.463
601020.SH,20240813,11.42,11.49,11.09,11.26,11.12,0.14,1.259,305981.04,343153.83,1.439
603158.SH,20240813,6.74,6.86,6.72,6.86,6.75,0.11,1.6296,91169.63,62025.472,4.3118
300746.SZ,20240813,6.22,6.5,6.13,6.49,6.22,0.27,4.3408,51375.85,32823.22,1.107
688622.SH,20240813,15.86,16.26,15.64,16.06,15.77,0.29,1.8389,2831.58,4488.031,1.006
001359.SZ,20240813,20.33,20.43,20.01,20.41,20.15,0.26,1.2903,23654.0,47829.357,1.011
603255.SH,20240813,25.64,25.88,25.23,25.64,25.64,0.0,0.0,2700.0,6891.303,1.0042
000727.SZ,20240813,1.91,1.94,1.89,1.93,1.91,0.02,1.0471,289188.57,55420.904,5.635
300200.SZ,20240813,7.0,7.23,7.0,7.23,7.04,0.19,2.6989,30442.0,21631.21,4.043
300498.SZ,20240813,19.74,20.15,19.65,20.1,19.78,0.32,1.6178,266279.05,532389.46,2.085
301285.SZ,20240813,21.61,22.36,21.6,21.98,21.63,0.35,1.6181,20011.0,44024.344,1.005
000928.SZ,20240813,5.61,5.68,5.56,5.65,5.59,0.06,1.0733,83150.85,46779.577,2.485
601116.SH,20240813,7.85,7.95,7.8,7.92,7.91,0.01,0.1264,25730.0,20264.171,1.261
920781.BJ,20240813,4.08,4.16,4.08,4.16,4.11,0.05,1.2165,5159.3,2124.778,3.7772
603811.SH,20240813,6.58,6.58,6.37,6.46,6.57,-0.11,-1.6743,46996.6,30258.965,4.381
300071.SZ,20240813,2.22,2.27,2.16,2.24,2.22,0.02,0.9009,162485.0,36006.591,11.13
920720.BJ,20240813,7.73,7.75,7.62,7.68,7.72,-0.04,-0.5181,7326.88,5611.805,5.1089
920305.BJ,20240813,10.03,10.2,10.01,10.08,10.06,0.02,0.1988,4540.08,4576.877,3.2584
001317.SZ,20240813,24.98,25.37,24.51,25.37,24.96,0.41,1.6426,17391.0,43566.661,1.015
002350.SZ,20240813,4.8,4.95,4.78,4.94,4.84,0.1,2.0661,65181.0,31837.876,4.903
300436.SZ,20240813,24.87,24.87,20.2,20.4,21.56,-1.16,-5.3803,211570.0,484329.976,2.027
920418.BJ,20240813,13.25,13.27,12.8,12.98,13.15,-0.17,-1.2928,6096.7,7919.457,3.6057
000736.SZ,20240813,7.85,7.95,7.76,7.9,7.88,0.02,0.2538,87603.0,68863.183,3.024
002130.SZ,20240813,14.05,14.77,14.01,14.39,13.84,0.55,3.974,1259258.22,1817597.553,20.978
002677.SZ,20240813,7.22,7.24,7.13,7.2,7.22,-0.02,-0.277,12536.0,9007.875,4.841
300111.SZ,20240813,2.34,2.34,2.24,2.29,2.34,-0.05,-2.1368,352745.8,80009.604,2.244
000012.SZ,20240813,5.13,5.18,5.11,5.17,5.12,0.05,0.9766,83680.91,43116.462,29.9276
000002.SZ,20240813,6.85,6.88,6.76,6.83,6.88,-0.05,-0.7267,1060585.66,721869.284,181.704
002146.SZ,20240813,1.37,1.38,1.34,1.37,1.38,-0.01,-0.7246,725620.44,98640.96,12.035
300801.SZ,20240813,14.0,14.28,13.88,14.27,13.96,0.31,2.2206,11050.0,15624.642,1.945
002211.SZ,20240813,2.41,2.46,2.36,2.46,2.4,0.06,2.5,78623.0,18999.17,1.524
002346.SZ,20240813,7.28,7.32,7.16,7.3,7.31,-0.01,-0.1368,10180.0,7370.456,2.342
300753.SZ,20240813,11.35,11.38,11.13,11.38,11.43,-0.05,-0.4374,28320.17,31921.349,1.613
002709.SZ,20240813,14.45,14.88,14.31,14.77,14.53,0.24,1.6518,207958.96,303728.932,14.429
688093.SH,20240813,15.84,15.84,15.32,15.59,15.56,0.03,0.1928,4120.33,6414.82,1.476
300224.SZ,20240813,8.39,8.46,8.29,8.39,8.35,0.04,0.479,36801.33,30760.81,4.945
600328.SH,20240813,7.78,7.85,7.71,7.85,7.8,0.05,0.641,103485.01,80762.782,4.538
002958.SZ,20240813,2.55,2.58,2.54,2.57,2.56,0.01,0.3906,406948.01,104142.556,1.1717
000912.SZ,20240813,3.56,3.57,3.51,3.57,3.57,0.0,0.0,33603.59,11909.6,2.301
300971.SZ,20240813,18.14,18.32,17.9,18.32,18.11,0.21,1.1596,24588.84,44564.339,1.054
300756.SZ,20240813,12.4,12.43,12.14,12.31,12.4,-0.09,-0.7258,9992.96,12246.251,3.64
603237.SH,20240813,15.28,15.29,15.03,15.28,15.22,0.06,0.3942,2738.39,4148.111,2.0804
300037.SZ,20240813,31.15,31.86,30.65,31.76,31.3,0.46,1.4696,42574.09,133302.528,6.532
300866.SZ,20240813,53.93,55.9,53.2,54.27,53.92,0.35,0.6491,41592.69,225462.986,1.376
301279.SZ,20240813,17.28,17.6,17.05,17.6,17.21,0.39,2.2661,13506.0,23494.129,1.037
002500.SZ,20240813,4.85,4.92,4.83,4.92,4.85,0.07,1.4433,137643.56,67118.706,1.2432
600251.SH,20240813,7.2,7.24,7.17,7.21,7.19,0.02,0.2782,20898.06,15048.605,9.278
605166.SH,20240813,9.32,9.38,9.22,9.36,9.32,0.04,0.4292,14370.0,13374.392,1.079
688202.SH,20240813,29.94,30.05,28.91,29.47,30.03,-0.56,-1.8648,34699.16,101495.061,1.976
688569.SH,20240813,19.69,19.85,19.48,19.68,19.66,0.02,0.1017,5051.72,9922.134,1.055
603235.SH,20240813,27.22,27.38,26.81,26.93,27.27,-0.34,-1.2468,8444.0,22791.959,1.046
688317.SH,20240813,16.3,16.3,15.33,15.57,16.57,-1.0,-6.035,64315.12,101211.83,1.107
002394.SZ,20240813,6.22,6.23,6.14,6.2,6.22,-0.02,-0.3215,12457.52,7691.712,5.155
920273.BJ,20240813,10.22,10.22,10.07,10.18,10.19,-0.01,-0.0981,679.12,689.861,1.2248
300405.SZ,20240813,3.65,3.75,3.61,3.74,3.69,0.05,1.355,83527.41,30866.552,3.836
300119.SZ,20240813,13.49,13.53,13.27,13.48,13.5,-0.02,-0.1481,18853.73,25251.869,6.268
000886.SZ,20240813,4.34,4.38,4.3,4.37,4.37,0.0,0.0,61102.0,26494.71,3.156
300936.SZ,20240813,32.7,33.23,32.1,32.98,32.46,0.52,1.602,10666.0,34934.509,1.047
000821.SZ,20240813,10.57,10.75,10.44,10.69,10.62,0.07,0.6591,77578.65,82136.652,2.4817
000863.SZ,20240813,3.68,3.74,3.65,3.7,3.7,0.0,0.0,106653.0,39373.061,6.889
688679.SH,20240813,6.48,6.78,6.38,6.68,6.58,0.1,1.5198,10164.85,6709.991,1.043
920469.BJ,20240813,7.2,7.23,7.06,7.16,7.18,-0.02,-0.2786,8080.14,5750.495,1.3479
002335.SZ,20240813,18.13,18.34,17.95,18.24,18.2,0.04,0.2198,39138.84,70899.832,5.917
002238.SZ,20240813,7.25,7.34,7.15,7.26,7.26,0.0,0.0,29936.01,21602.105,3.364
300945.SZ,20240813,9.08,9.28,8.92,9.01,8.87,0.14,1.5784,135609.76,123185.68,1.033
002232.SZ,20240813,20.08,21.87,19.6,21.09,19.96,1.13,5.6613,996855.65,2074652.485,3.163
603137.SH,20240813,10.49,10.74,10.27,10.42,10.58,-0.16,-1.5123,24338.94,25531.306,1.42
600028.SH,20240813,6.57,6.68,6.56,6.64,6.57,0.07,1.0654,932512.31,617308.405,4.2683
002661.SZ,20240813,8.79,8.83,8.59,8.74,8.82,-0.08,-0.907,29749.0,25937.194,3.604
300676.SZ,20240813,37.3,37.4,35.94,36.35,37.72,-1.37,-3.632,45088.46,164320.659,1.036
002455.SZ,20240813,7.28,7.38,7.22,7.38,7.28,0.1,1.3736,114285.72,83619.236,6.324
600426.SH,20240813,23.24,23.38,22.7,23.01,23.24,-0.23,-0.9897,121595.28,278659.08,12.733
688478.SH,20240813,26.09,26.56,26.03,26.49,26.09,0.4,1.5332,9283.0,24347.815,1.012
600918.SH,20240813,5.77,5.88,5.73,5.86,5.78,0.08,1.3841,137517.17,80055.655,1.029
002111.SZ,20240813,10.05,10.22,9.97,10.15,10.03,0.12,1.1964,61059.6,61640.687,5.2568
603530.SH,20240813,21.76,22.39,21.7,22.06,21.86,0.2,0.9149,38514.0,85063.744,1.0399
002652.SZ,20240813,2.83,2.91,2.79,2.86,2.83,0.03,1.0601,123362.2,35295.075,5.035
920491.BJ,20240813,11.49,11.76,11.45,11.62,11.55,0.07,0.6061,5607.38,6486.632,1.0862
002425.SZ,20240813,2.46,2.49,2.42,2.48,2.47,0.01,0.4049,121815.0,29931.038,4.425
688789.SH,20240813,58.46,59.29,57.85,59.27,58.7,0.57,0.971,7108.23,41566.596,2.1958
600365.SH,20240813,2.34,2.36,2.31,2.34,2.36,-0.02,-0.8475,17559.0,4097.177,2.635
002153.SZ,20240813,5.18,5.22,5.13,5.2,5.18,0.02,0.3861,65959.27,34130.339,44.371
300478.SZ,20240813,7.1,7.26,7.02,7.26,7.13,0.13,1.8233,14839.0,10637.278,1.929
600903.SH,20240813,6.34,6.46,6.32,6.44,6.36,0.08,1.2579,61264.17,39268.077,1.44
920751.BJ,20240813,8.46,8.48,8.3,8.48,8.42,0.06,0.7126,11980.05,10039.391,13.7802
300411.SZ,20240813,10.98,11.23,10.85,11.11,11.09,0.02,0.1803,168654.2,185533.62,3.623
002892.SZ,20240813,7.9,8.08,7.87,8.07,7.92,0.15,1.8939,67036.6,53647.646,7.059
300513.SZ,20240813,7.29,7.39,7.15,7.36,7.27,0.09,1.238,30058.88,21957.785,2.9616
000626.SZ,20240813,4.23,4.29,4.17,4.28,4.24,0.04,0.9434,35585.0,15088.831,10.678
603061.SH,20240813,59.0,60.6,59.0,60.3,59.6,0.7,1.1745,3461.0,20782.048,1.0049
002698.SZ,20240813,11.54,11.74,11.43,11.65,11.59,0.06,0.5177,73383.54,84921.868,2.894
001330.SZ,20240813,4.3,4.33,4.17,4.28,4.31,-0.03,-0.6961,50179.0,21431.957,1.0
688166.SH,20240813,25.5,25.7,25.11,25.45,25.6,-0.15,-0.5859,54903.23,139168.229,1.0168
603307.SH,20240813,32.85,33.14,32.31,32.6,32.85,-0.25,-0.761,7432.0,24309.266,1.04
600497.SH,20240813,5.19,5.21,5.11,5.17,5.17,0.0,0.0,356255.8,183543.512,23.355
600660.SH,20240813,45.05,45.49,44.53,45.02,45.23,-0.21,-0.4643,78767.14,353608.952,89.453
600009.SH,20240813,33.94,33.99,33.41,33.84,33.9,-0.06,-0.177,39040.28,131489.018,3.0816
000541.SZ,20240813,4.54,4.57,4.51,4.56,4.54,0.02,0.4405,49310.35,22390.442,32.3593
688220.SH,20240813,33.53,33.85,33.28,33.85,33.5,0.35,1.0448,9796.94,32912.102,1.0
002452.SZ,20240813,7.18,7.45,7.17,7.41,7.18,0.23,3.2033,96656.0,71130.575,5.777
301185.SZ,20240813,13.29,13.5,13.12,13.5,13.29,0.21,1.5801,18615.0,24827.428,1.027
000629.SZ,20240813,2.36,2.37,2.32,2.35,2.35,0.0,0.0,428167.5,100373.74,7.789
920765.BJ,20240813,6.25,6.34,6.15,6.28,6.26,0.02,0.3195,1230.5,766.776,1.3674
300457.SZ,20240813,14.37,14.53,14.28,14.52,14.34,0.18,1.2552,60390.0,86987.913,5.8441
603163.SH,20240813,23.83,23.83,23.23,23.47,23.47,0.0,0.0,2138.75,4999.915,1.303
002378.SZ,20240813,5.27,5.33,5.23,5.32,5.24,0.08,1.5267,80947.36,42790.473,2.822
300248.SZ,20240813,6.21,6.3,6.16,6.28,6.21,0.07,1.1272,18021.0,11254.115,10.368
600391.SH,20240813,15.5,15.67,15.38,15.64,15.48,0.16,1.0336,30157.0,46892.523,2.35
300399.SZ,20240813,9.94,10.12,9.81,10.08,9.88,0.2,2.0243,76471.0,76351.311,2.503
688670.SH,20240813,11.52,11.6,11.25,11.47,11.61,-0.14,-1.2059,4809.97,5485.35,1.423
920419.BJ,20240813,7.84,7.87,7.78,7.82,7.85,-0.03,-0.3822,527.56,412.208,1.049
301231.SZ,20240813,15.91,16.36,15.71,16.35,16.1,0.25,1.5528,23409.99,37541.285,1.007
601117.SH,20240813,7.12,7.21,7.1,7.21,7.1,0.11,1.5493,228094.93,163495.313,1.2707
603683.SH,20240813,7.53,7.6,7.25,7.43,7.48,-0.05,-0.6684,66573.91,49349.979,1.742
920374.BJ,20240813,9.58,9.67,9.38,9.53,9.47,0.06,0.6336,3753.36,3564.625,5.5484
600712.SH,20240813,3.46,3.48,3.36,3.48,3.44,0.04,1.1628,103820.04,35622.094,6.357
300656.SZ,20240813,19.67,20.23,19.0,19.85,19.93,-0.08,-0.4014,95065.6,184995.534,2.705
600690.SH,20240813,25.8,26.19,25.11,25.38,25.79,-0.41,-1.5898,278362.73,709718.136,39.961
600768.SH,20240813,6.8,7.35,6.76,7.35,6.68,0.67,10.0299,103461.85,73276.618,3.339
002771.SZ,20240813,15.04,15.11,14.6,15.0,15.05,-0.05,-0.3322,86806.0,128966.625,2.671
001268.SZ,20240813,15.82,15.97,15.62,15.97,15.82,0.15,0.9482,4904.0,7740.913,1.0293
000875.SZ,20240813,4.86,4.9,4.83,4.87,4.87,0.0,0.0,185823.0,90390.658,1.4753
301222.SZ,20240813,21.78,22.0,21.47,21.99,21.57,0.42,1.9471,4725.0,10295.59,1.053
688049.SH,20240813,21.12,21.65,21.1,21.64,21.1,0.54,2.5592,16736.38,35756.463,1.214
603228.SH,20240813,24.0,24.53,23.9,24.31,23.89,0.42,1.7581,122573.97,296959.928,2.185
300821.SZ,20240813,6.57,6.71,6.52,6.69,6.57,0.12,1.8265,30185.0,20021.748,1.08
300900.SZ,20240813,16.98,17.18,16.78,17.1,16.88,0.22,1.3033,64639.2,109773.533,1.419
301010.SZ,20240813,11.76,13.8,11.76,12.85,12.36,0.49,3.9644,95851.1,121438.286,1.0322
300732.SZ,20240813,7.26,7.48,7.1,7.48,7.28,0.2,2.7473,138307.4,101377.38,4.936
688087.SH,20240813,25.62,26.15,25.43,26.12,25.73,0.39,1.5157,4087.87,10545.661,1.4222
300727.SZ,20240813,20.8,21.29,20.58,21.28,20.72,0.56,2.7027,14607.0,30598.579,1.365
300258.SZ,20240813,7.5,7.57,7.45,7.56,7.5,0.06,0.8,22866.0,17169.418,4.592
000539.SZ,20240813,4.46,4.47,4.4,4.44,4.46,-0.02,-0.4484,181947.44,80588.597,18.82
000731.SZ,20240813,6.38,6.41,6.34,6.41,6.37,0.04,0.6279,20621.07,13175.706,12.064
000929.SZ,20240813,5.85,5.98,5.85,5.94,5.92,0.02,0.3378,20255.01,11972.814,2.498
603856.SH,20240813,10.1,10.18,10.02,10.16,10.08,0.08,0.7937,12923.39,13044.703,1.4695
002795.SZ,20240813,3.5,3.63,3.41,3.5,3.5,0.0,0.0,73388.4,25553.868,4.126
600908.SH,20240813,5.01,5.07,5.0,5.05,5.01,0.04,0.7984,120908.14,60933.387,1.2742
300261.SZ,20240813,6.13,6.45,6.04,6.13,6.26,-0.13,-2.0767,519174.42,319951.331,9.306
002818.SZ,20240813,11.41,11.55,11.31,11.39,11.45,-0.06,-0.524,14038.6,16045.511,2.463
600288.SH,20240813,6.36,6.44,6.31,6.43,6.39,0.04,0.626,26004.0,16588.171,4.588
603557.SH,20240813,1.89,1.89,1.86,1.88,1.89,-0.01,-0.5291,4092.94,766.638,1.058
920509.BJ,20240813,7.0,7.12,7.0,7.07,7.02,0.05,0.7123,4328.84,3054.819,6.5422
000505.SZ,20240813,5.27,5.3,5.22,5.28,5.27,0.01,0.1898,20385.0,10715.685,3.352
688004.SH,20240813,10.18,10.33,10.01,10.29,10.16,0.13,1.2795,6742.93,6880.746,1.426
600386.SH,20240813,3.43,3.51,3.41,3.5,3.46,0.04,1.1561,378105.1,131192.285,6.034
300493.SZ,20240813,8.14,9.0,8.14,8.94,8.19,0.75,9.1575,464449.12,404311.293,3.9046
688076.SH,20240813,60.6,60.99,59.73,60.26,60.59,-0.33,-0.5446,23422.04,140768.047,1.018
002247.SZ,20240813,1.42,1.47,1.42,1.46,1.43,0.03,2.0979,96803.0,13976.545,6.487
002607.SZ,20240813,1.93,2.0,1.9,1.96,1.96,0.0,0.0,6427061.32,1245781.66,8.245
002779.SZ,20240813,33.9,34.56,33.68,34.4,34.1,0.3,0.8798,16255.0,55382.632,1.5232
002449.SZ,20240813,6.62,6.73,6.58,6.7,6.6,0.1,1.5152,56204.3,37430.902,3.103
688013.SH,20240813,14.55,14.71,14.31,14.67,14.51,0.16,1.1027,2710.64,3941.877,1.028
688819.SH,20240813,22.45,22.55,22.2,22.46,22.34,0.12,0.5372,9595.72,21449.468,1.076
003026.SZ,20240813,31.88,34.64,31.88,34.64,31.49,3.15,10.0032,252620.4,864259.015,1.3381
688435.SH,20240813,21.01,21.01,20.22,20.58,21.01,-0.43,-2.0466,7141.84,14688.695,1.0
603843.SH,20240813,2.73,3.01,2.68,3.01,2.74,0.27,9.854,475623.24,139516.738,1.437
001205.SZ,20240813,15.08,15.29,15.03,15.18,15.08,0.1,0.6631,3387.0,5126.352,1.423
600775.SH,20240813,7.55,7.68,7.4,7.68,7.55,0.13,1.7219,141889.4,107181.529,1.469
600519.SH,20240813,1433.0,1435.0,1412.01,1423.01,1436.1,-13.09,-0.9115,16308.43,2317037.756,8.02
300719.SZ,20240813,16.0,16.58,15.96,16.39,15.92,0.47,2.9523,155768.0,253681.706,1.611
603444.SH,20240813,183.2,184.67,181.05,183.55,183.8,-0.25,-0.136,8718.9,158912.086,1.258
002862.SZ,20240813,12.6,12.88,12.42,12.78,12.59,0.19,1.5091,14508.5,18412.826,1.512
600791.SH,20240813,3.35,3.38,3.28,3.38,3.36,0.02,0.5952,30859.0,10289.84,7.359
603129.SH,20240813,143.56,146.04,142.17,145.58,143.85,1.73,1.2026,7599.0,109397.345,1.074
600257.SH,20240813,4.33,4.37,4.25,4.33,4.34,-0.01,-0.2304,128763.95,55412.659,6.544
605588.SH,20240813,34.61,35.87,34.61,35.5,35.15,0.35,0.9957,16207.0,57260.965,1.008
600598.SH,20240813,13.35,13.41,13.2,13.34,13.34,0.0,0.0,75154.01,100125.541,2.805
600545.SH,20240813,1.37,1.4,1.35,1.39,1.38,0.01,0.7246,102862.0,14201.896,4.253
601137.SH,20240813,13.12,13.2,12.96,13.16,13.07,0.09,0.6886,56239.01,73450.732,2.349
300370.SZ,20240813,1.7,1.98,1.67,1.83,1.72,0.11,6.3953,555386.33,102907.102,16.472
001316.SZ,20240813,29.6,29.78,28.95,29.38,29.3,0.08,0.273,17665.0,51661.032,1.04
688366.SH,20240813,60.18,60.53,59.68,60.31,60.15,0.16,0.266,2027.87,12186.765,1.44
600284.SH,20240813,5.48,5.54,5.46,5.54,5.5,0.04,0.7273,36883.92,20333.087,3.826
300244.SZ,20240813,12.59,12.61,12.21,12.41,12.66,-0.25,-1.9747,85938.04,106175.849,9.69
688181.SH,20240813,16.5,16.77,16.26,16.77,16.36,0.41,2.5061,9264.99,15303.468,1.4358
600967.SH,20240813,7.53,7.62,7.5,7.62,7.53,0.09,1.1952,73806.91,55758.155,5.6812
603168.SH,20240813,6.87,6.94,6.7,6.84,6.88,-0.04,-0.5814,35607.94,24127.009,4.774
300972.SZ,20240813,20.35,21.07,20.25,21.01,20.52,0.49,2.3879,24064.55,49988.327,1.016
300414.SZ,20240813,6.33,6.47,6.29,6.43,6.36,0.07,1.1006,33181.0,21215.4,3.894
002497.SZ,20240813,8.5,8.7,8.4,8.63,8.5,0.13,1.5294,90911.0,77866.451,6.8126
300718.SZ,20240813,12.3,12.4,12.07,12.31,12.34,-0.03,-0.2431,22916.0,27971.522,3.404
000809.SZ,20240813,2.08,2.12,2.08,2.12,2.09,0.03,1.4354,11574.5,2430.542,2.896
688306.SH,20240813,3.78,3.82,3.74,3.81,3.78,0.03,0.7937,24991.75,9454.736,1.0
920175.BJ,20240813,8.1,8.25,8.1,8.2,8.2,0.0,0.0,2116.71,1732.512,1.0381
600469.SH,20240813,5.35,5.38,5.26,5.31,5.34,-0.03,-0.5618,40046.0,21250.729,2.81
688571.SH,20240813,4.88,5.02,4.84,5.02,4.91,0.11,2.2403,24561.72,12148.669,1.418
301226.SZ,20240813,19.89,20.11,19.72,20.08,19.78,0.3,1.5167,28371.0,56539.238,1.683
600527.SH,20240813,1.41,1.42,1.39,1.42,1.41,0.01,0.7092,63514.83,8934.452,28.741
688184.SH,20240813,12.05,12.09,11.88,12.08,12.01,0.07,0.5828,1451.33,1742.114,1.213
001287.SZ,20240813,14.66,14.84,14.55,14.77,14.58,0.19,1.3032,26985.0,39666.761,1.009
300665.SZ,20240813,5.06,5.34,4.98,5.32,5.08,0.24,4.7244,93097.52,48642.967,2.281
000751.SZ,20240813,2.56,2.57,2.54,2.57,2.56,0.01,0.3906,56082.8,14344.79,3.371
002973.SZ,20240813,9.18,9.32,9.1,9.32,9.29,0.03,0.3229,26061.0,24032.817,1.035
002420.SZ,20240813,4.72,4.74,4.59,4.65,4.78,-0.13,-2.7197,127318.0,58957.287,1.018
600419.SH,20240813,7.71,7.72,7.58,7.68,7.71,-0.03,-0.3891,12889.2,9850.288,3.3617
002683.SZ,20240813,18.84,19.44,18.64,19.12,18.93,0.19,1.0037,37343.96,71057.703,2.847
002599.SZ,20240813,4.73,4.75,4.63,4.72,4.73,-0.01,-0.2114,72203.4,33743.021,3.496
688589.SH,20240813,22.99,23.34,22.92,23.32,22.92,0.4,1.7452,7387.04,17112.996,1.233
688429.SH,20240813,16.64,16.79,16.03,16.43,16.4,0.03,0.1829,3924.93,6413.602,1.0024
002221.SZ,20240813,8.23,8.35,8.19,8.34,8.23,0.11,1.3366,23774.0,19718.032,4.397
300166.SZ,20240813,5.94,6.01,5.86,5.96,5.96,0.0,0.0,88344.0,52371.706,18.683
300018.SZ,20240813,4.69,4.91,4.66,4.75,4.52,0.23,5.0885,224682.32,106817.539,6.726
688393.SH,20240813,14.85,14.93,14.56,14.85,14.84,0.01,0.0674,4026.66,5946.394,1.035
300250.SZ,20240813,10.95,11.1,10.76,11.09,10.93,0.16,1.4639,29495.0,32230.548,4.204
300667.SZ,20240813,13.95,14.05,13.66,13.93,13.95,-0.02,-0.1434,41544.25,57458.288,2.341
688355.SH,20240813,11.91,11.99,11.71,11.98,11.92,0.06,0.5034,4307.04,5104.782,1.052
301310.SZ,20240813,20.94,21.28,20.88,21.22,21.12,0.1,0.4735,4915.23,10375.686,1.434
002343.SZ,20240813,5.1,5.41,4.96,5.27,5.09,0.18,3.5363,381510.2,199684.917,3.201
300100.SZ,20240813,12.05,12.33,11.92,12.31,12.13,0.18,1.4839,110732.41,134074.262,3.631
300016.SZ,20240813,4.8,4.8,4.67,4.75,4.79,-0.04,-0.8351,65909.0,31130.64,7.535
000635.SZ,20240813,6.15,6.17,6.0,6.12,6.12,0.0,0.0,18776.0,11420.827,4.212
002397.SZ,20240813,1.9,1.91,1.86,1.9,1.9,0.0,0.0,51119.17,9648.247,12.913
600227.SH,20240813,1.52,1.54,1.48,1.54,1.53,0.01,0.6536,259347.98,39260.803,5.75
002212.SZ,20240813,4.47,4.5,4.39,4.48,4.46,0.02,0.4484,106716.46,47436.681,3.27
002354.SZ,20240813,2.67,2.69,2.62,2.67,2.67,0.0,0.0,260846.0,69179.61,2.874
688288.SH,20240813,12.89,13.15,12.66,13.07,12.83,0.24,1.8706,11312.45,14609.489,1.019
003036.SZ,20240813,7.67,7.72,7.53,7.69,7.63,0.06,0.7864,9889.0,7546.366,1.069
300987.SZ,20240813,11.88,11.89,11.71,11.87,11.81,0.06,0.508,9433.0,11131.678,1.34
600425.SH,20240813,3.09,3.13,3.08,3.13,3.09,0.04,1.2945,42321.11,13141.542,6.431
300613.SZ,20240813,39.7,41.26,38.87,40.31,40.15,0.16,0.3985,92454.11,370585.2,5.207
301209.SZ,20240813,21.84,22.02,21.2,22.02,21.51,0.51,2.371,14242.0,30900.364,1.013
002732.SZ,20240813,14.37,14.37,14.1,14.23,14.29,-0.06,-0.4199,4194.0,5944.438,1.113
002718.SZ,20240813,9.82,10.16,9.77,10.09,9.92,0.17,1.7137,11014.0,11014.856,2.705
002189.SZ,20240813,14.1,14.52,14.0,14.4,14.08,0.32,2.2727,38582.03,55204.315,1.058
002472.SZ,20240813,19.9,20.05,19.5,19.81,19.97,-0.16,-0.8012,92879.0,182846.44,5.2
301228.SZ,20240813,9.91,10.46,9.64,10.41,10.07,0.34,3.3764,73111.32,74511.568,1.01
300464.SZ,20240813,3.33,3.45,3.33,3.41,3.4,0.01,0.2941,55647.0,18904.97,2.544
603330.SH,20240813,4.7,4.74,4.59,4.74,4.7,0.04,0.8511,32684.0,15282.303,5.3129
002800.SZ,20240813,8.59,8.78,8.48,8.77,8.59,0.18,2.0955,18865.0,16369.679,2.0071
601088.SH,20240813,39.3,39.72,38.82,39.08,39.3,-0.22,-0.5598,121937.38,477524.777,2.4803
688662.SH,20240813,21.16,21.41,20.91,21.39,21.21,0.18,0.8487,4093.15,8684.756,1.029
920718.BJ,20240813,8.88,8.91,8.7,8.87,8.86,0.01,0.1129,1866.24,1645.387,1.2333
688072.SH,20240813,131.88,132.56,129.0,132.11,131.4,0.71,0.5403,14760.5,192853.013,2.194
600796.SH,20240813,4.29,4.34,4.18,4.33,4.3,0.03,0.6977,46219.0,19726.244,8.9021
002138.SZ,20240813,24.59,24.78,24.3,24.57,24.55,0.02,0.0815,58420.27,143012.862,6.878
002939.SZ,20240813,6.72,6.8,6.68,6.78,6.71,0.07,1.0432,97452.0,65727.334,1.0815
601608.SH,20240813,3.63,3.7,3.61,3.69,3.62,0.07,1.9337,206644.62,75654.733,1.609
603859.SH,20240813,16.77,16.94,16.6,16.94,16.77,0.17,1.0137,20335.18,34152.737,1.509
002389.SZ,20240813,13.89,14.27,13.89,14.22,13.82,0.4,2.8944,205095.0,289210.753,6.239
688318.SH,20240813,84.53,87.99,84.19,87.25,84.07,3.18,3.7826,40376.19,347181.299,2.823
600770.SH,20240813,2.35,2.37,2.3,2.37,2.35,0.02,0.8511,140337.37,32878.486,21.002
300289.SZ,20240813,4.08,4.08,3.97,4.04,4.08,-0.04,-0.9804,56926.53,22875.645,2.591
301256.SZ,20240813,6.0,6.08,5.92,6.08,6.03,0.05,0.8292,16855.69,10133.715,1.043
300509.SZ,20240813,4.52,4.65,4.45,4.63,4.54,0.09,1.9824,27944.98,12805.503,4.293
003018.SZ,20240813,7.2,7.3,7.15,7.3,7.19,0.11,1.5299,14419.0,10439.241,1.0778
301071.SZ,20240813,24.51,24.81,24.31,24.79,24.64,0.15,0.6088,12707.6,31195.752,3.7216
688188.SH,20240813,148.96,150.47,147.52,149.12,148.96,0.16,0.1074,8613.62,128229.068,2.019
000571.SZ,20240813,2.94,2.96,2.91,2.93,2.94,-0.01,-0.3401,32160.23,9427.018,7.613
688557.SH,20240813,15.32,15.52,15.15,15.47,15.33,0.14,0.9132,1896.58,2913.747,1.4767
000931.SZ,20240813,4.05,4.07,3.99,4.05,4.07,-0.02,-0.4914,47745.4,19252.571,1.54
603176.SH,20240813,3.65,3.74,3.58,3.74,3.64,0.1,2.7473,14139.0,5203.704,1.0113
002845.SZ,20240813,11.41,11.6,11.32,11.55,11.42,0.13,1.1384,42214.6,48364.739,2.884
002256.SZ,20240813,1.57,1.63,1.54,1.62,1.56,0.06,3.8462,326685.0,52081.425,15.226
000977.SZ,20240813,32.75,32.95,32.52,32.94,32.68,0.26,0.7956,210408.49,690064.436,6.656
300573.SZ,20240813,108.78,109.3,105.8,107.5,109.39,-1.89,-1.7278,44761.99,478754.976,2.068
301295.SZ,20240813,19.02,19.37,18.75,19.28,19.05,0.23,1.2073,15465.86,29589.628,1.426
300470.SZ,20240813,30.8,30.85,30.21,30.85,30.32,0.53,1.748,7782.24,23769.143,3.938
603659.SH,20240813,12.11,12.32,11.9,12.2,12.15,0.05,0.4115,154491.46,186697.278,4.234
301097.SZ,20240813,34.57,35.27,34.16,34.92,35.0,-0.08,-0.2286,1591.0,5541.551,1.028
301199.SZ,20240813,23.45,23.98,23.45,23.93,23.57,0.36,1.5274,14078.02,33435.02,1.009
688138.SH,20240813,17.64,17.99,17.51,17.99,17.64,0.35,1.9841,11661.14,20806.699,1.0247
000793.SZ,20240813,1.15,1.28,1.15,1.28,1.16,0.12,10.3448,1460118.49,178872.37,12.769
300328.SZ,20240813,5.05,5.45,4.83,5.19,5.12,0.07,1.3672,801212.4,408722.437,5.589
000711.SZ,20240813,1.68,1.7,1.65,1.7,1.68,0.02,1.1905,33250.0,5548.729,9.759
688036.SH,20240813,76.74,78.34,76.08,76.99,77.17,-0.18,-0.2333,35778.04,275030.656,1.544
688365.SH,20240813,5.43,5.49,5.34,5.49,5.43,0.06,1.105,25623.31,13931.063,1.003
002326.SZ,20240813,7.85,7.97,7.74,7.93,7.88,0.05,0.6345,48995.0,38411.564,5.783
000713.SZ,20240813,5.99,6.0,5.78,5.85,5.99,-0.14,-2.3372,195462.48,114537.921,6.3005
002135.SZ,20240813,4.0,4.05,3.97,4.04,4.01,0.03,0.7481,47211.91,18984.682,3.292
300394.SZ,20240813,84.8,86.1,83.65,84.82,83.71,1.11,1.326,107266.04,909554.213,6.991
300812.SZ,20240813,17.6,18.28,17.54,18.13,17.6,0.53,3.0114,38214.4,68595.29,1.839
601999.SH,20240813,5.37,5.38,5.24,5.3,5.37,-0.07,-1.3035,22585.0,11979.804,1.118
002782.SZ,20240813,9.95,10.12,9.95,10.08,10.01,0.07,0.6993,22964.49,23033.359,2.678
688073.SH,20240813,31.2,31.96,30.81,31.63,31.41,0.22,0.7004,5729.05,17956.864,1.459
603187.SH,20240813,10.88,10.97,10.76,10.93,10.89,0.04,0.3673,22771.01,24752.777,4.245
000066.SZ,20240813,7.83,7.92,7.79,7.91,7.89,0.02,0.2535,163948.82,128811.988,11.008
300472.SZ,20240813,4.82,5.3,4.76,5.12,5.0,0.12,2.4,253780.19,127482.269,2.435
601969.SH,20240813,5.68,5.73,5.62,5.71,5.67,0.04,0.7055,50387.0,28521.467,1.036
000958.SZ,20240813,3.74,3.79,3.7,3.78,3.75,0.03,0.8,106834.57,40122.905,4.721
601061.SH,20240813,6.66,6.75,6.62,6.75,6.65,0.1,1.5038,57099.34,38247.089,1.038
301319.SZ,20240813,24.42,24.99,24.37,24.9,24.52,0.38,1.5498,4878.6,12050.315,1.513
603121.SH,20240813,7.32,7.47,7.25,7.47,7.4,0.07,0.9459,177384.08,130818.222,1.98
002716.SZ,20240813,3.05,3.07,3.0,3.03,3.02,0.01,0.3311,228035.58,69040.272,3.816
601339.SH,20240813,4.54,4.57,4.48,4.54,4.56,-0.02,-0.4386,18549.02,8382.988,3.065
920190.BJ,20240813,12.4,12.48,12.04,12.24,12.49,-0.25,-2.0016,19859.6,24296.469,1.627
688401.SH,20240813,20.6,20.72,20.3,20.58,20.48,0.1,0.4883,9185.24,18837.417,1.4691
002239.SZ,20240813,2.32,2.34,2.3,2.33,2.31,0.02,0.8658,183953.6,42685.627,9.1197
603308.SH,20240813,11.69,11.79,11.61,11.79,11.67,0.12,1.0283,37513.2,43939.496,1.4821
002165.SZ,20240813,3.48,3.54,3.42,3.54,3.47,0.07,2.0173,101582.88,35442.857,7.935
600067.SH,20240813,1.86,1.88,1.83,1.88,1.87,0.01,0.5348,90967.59,16919.78,22.425
002329.SZ,20240813,2.89,2.93,2.84,2.92,2.9,0.02,0.6897,180981.0,52152.85,5.874
300700.SZ,20240813,6.49,6.53,6.38,6.52,6.5,0.02,0.3077,28181.85,18191.271,3.329
002313.SZ,20240813,5.71,5.89,5.56,5.88,5.75,0.13,2.2609,110344.0,63784.286,2.686
301170.SZ,20240813,20.98,21.25,20.88,21.1,20.99,0.11,0.5241,6014.96,12672.604,1.011
000755.SZ,20240813,4.07,4.12,4.04,4.12,4.08,0.04,0.9804,14871.0,6077.306,2.5921
600998.SH,20240813,4.83,4.83,4.68,4.75,4.84,-0.09,-1.8595,350444.92,165785.041,3.166
002738.SZ,20240813,26.67,27.13,26.3,26.92,26.66,0.26,0.9752,101693.2,272109.485,3.142
002333.SZ,20240813,5.26,5.28,5.18,5.22,5.24,-0.02,-0.3817,20157.0,10514.044,3.74
000553.SZ,20240813,4.47,4.52,4.41,4.52,4.47,0.05,1.1186,22946.49,10264.208,4.214
600674.SH,20240813,18.31,18.34,18.09,18.22,18.29,-0.07,-0.3827,95417.72,173766.054,22.1131
920856.BJ,20240813,4.66,4.78,4.66,4.7,4.79,-0.09,-1.8789,1838.61,872.014,1.2226
688026.SH,20240813,11.46,11.65,11.28,11.46,11.6,-0.14,-1.2069,16447.88,18746.68,1.4382
300150.SZ,20240813,2.53,2.59,2.48,2.59,2.55,0.04,1.5686,68887.0,17496.675,4.822
688065.SH,20240813,37.95,38.17,37.07,37.53,37.91,-0.38,-1.0024,11926.41,44688.059,1.4268
000949.SZ,20240813,3.75,3.82,3.71,3.78,3.74,0.04,1.0695,333132.79,125516.456,4.899
603712.SH,20240813,17.3,17.46,17.17,17.36,17.38,-0.02,-0.1151,77966.01,134836.515,1.02
688178.SH,20240813,9.89,10.08,9.73,10.02,9.86,0.16,1.6227,7148.43,7110.548,1.025
600082.SH,20240813,1.98,2.0,1.94,1.99,1.98,0.01,0.5051,60899.0,11991.105,6.035
000599.SZ,20240813,3.41,3.48,3.36,3.48,3.41,0.07,2.0528,42774.33,14682.066,4.902
002945.SZ,20240813,10.02,10.12,9.88,10.12,9.97,0.15,1.5045,54593.0,54624.953,1.021
688621.SH,20240813,38.27,38.27,37.36,38.23,38.28,-0.05,-0.1306,7106.38,26843.94,1.4195
300809.SZ,20240813,21.52,21.64,21.06,21.6,21.6,0.0,0.0,68170.87,145294.384,1.655
300657.SZ,20240813,13.02,13.27,13.0,13.25,13.04,0.21,1.6104,44367.41,58332.862,3.456
300695.SZ,20240813,35.08,35.57,34.81,35.46,35.0,0.46,1.3143,1167.0,4105.948,1.085
688579.SH,20240813,7.15,7.19,7.04,7.14,7.15,-0.01,-0.1399,27253.67,19392.587,1.0331
002828.SZ,20240813,8.28,8.69,8.19,8.38,8.15,0.23,2.8221,234988.7,197637.757,1.777
688597.SH,20240813,7.47,7.74,7.44,7.73,7.53,0.2,2.656,16575.99,12631.734,1.4543
000521.SZ,20240813,8.17,8.17,7.79,7.92,8.13,-0.21,-2.583,288262.31,228381.937,5.617
300136.SZ,20240813,17.43,17.66,17.24,17.56,17.43,0.13,0.7458,97538.79,170366.646,13.255
002406.SZ,20240813,4.68,4.71,4.63,4.71,4.68,0.03,0.641,41405.0,19385.951,4.1631
300533.SZ,20240813,15.04,15.21,14.65,15.2,15.07,0.13,0.8626,53395.0,80241.216,2.567
605288.SH,20240813,31.39,32.05,31.3,32.03,31.39,0.64,2.0389,3580.8,11351.111,1.462
300232.SZ,20240813,4.8,4.88,4.76,4.87,4.8,0.07,1.4583,70537.0,34113.322,9.791
000158.SZ,20240813,5.78,5.82,5.7,5.8,5.77,0.03,0.5199,113549.3,65409.99,2.952
000020.SZ,20240813,9.53,10.02,9.52,9.76,9.59,0.17,1.7727,33037.0,32074.586,1.752
605266.SH,20240813,20.86,20.87,20.3,20.56,20.86,-0.3,-1.4382,18037.0,36869.617,2.894
300115.SZ,20240813,10.39,10.67,10.38,10.61,10.35,0.26,2.5121,269571.8,283856.618,12.264
000782.SZ,20240813,4.16,4.2,4.13,4.2,4.16,0.04,0.9615,20749.97,8671.358,3.46
000554.SZ,20240813,5.33,5.34,5.22,5.28,5.29,-0.01,-0.189,99982.91,52807.381,4.936
688345.SH,20240813,14.57,14.91,14.4,14.77,14.57,0.2,1.3727,3053.39,4491.993,1.013
301123.SZ,20240813,15.8,16.49,15.8,16.19,15.8,0.39,2.4684,34972.0,56366.228,1.033
000526.SZ,20240813,58.67,58.88,56.72,57.18,58.67,-1.49,-2.5396,17696.83,101520.888,2.471
002897.SZ,20240813,32.93,33.55,32.93,33.55,32.94,0.61,1.8519,35656.94,118645.524,1.649
688025.SH,20240813,32.42,32.97,32.05,32.97,32.21,0.76,2.3595,12771.25,41658.237,1.027
002031.SZ,20240813,2.2,2.27,2.19,2.25,2.22,0.03,1.3514,410284.3,91562.401,14.861
300447.SZ,20240813,12.09,12.19,11.9,12.1,12.03,0.07,0.5819,38830.0,46700.899,3.461
300265.SZ,20240813,6.72,6.83,6.65,6.75,6.8,-0.05,-0.7353,276148.77,185684.495,2.633
002852.SZ,20240813,6.82,6.86,6.76,6.83,6.82,0.01,0.1466,23279.0,15848.414,3.127
603626.SH,20240813,4.88,5.05,4.83,5.02,4.95,0.07,1.4141,213085.06,105977.444,2.103
000568.SZ,20240813,128.88,129.0,126.31,127.1,129.06,-1.96,-1.5187,66443.47,844900.212,34.273
688580.SH,20240813,24.64,24.67,24.1,24.67,24.74,-0.07,-0.2829,2755.31,6720.215,1.505
301210.SZ,20240813,26.03,28.09,25.73,27.02,25.88,1.14,4.4049,13412.55,36079.911,1.005
603206.SH,20240813,11.4,11.51,11.28,11.46,11.38,0.08,0.703,14784.0,16857.296,1.039
600906.SH,20240813,5.87,5.95,5.82,5.92,5.85,0.07,1.1966,121013.0,71186.278,1.0424
603518.SH,20240813,7.14,7.15,7.02,7.11,7.14,-0.03,-0.4202,31847.0,22512.177,1.5149
600118.SH,20240813,21.88,22.09,21.76,22.07,21.88,0.19,0.8684,69804.31,153120.618,16.9388
002398.SZ,20240813,3.64,3.68,3.56,3.67,3.63,0.04,1.1019,37205.81,13530.02,6.542
002413.SZ,20240813,3.53,3.57,3.51,3.57,3.53,0.04,1.1331,131536.13,46684.184,4.964
300371.SZ,20240813,7.58,7.8,7.48,7.8,7.55,0.25,3.3113,19656.15,14963.202,4.758
301065.SZ,20240813,18.9,19.0,17.94,18.6,19.46,-0.86,-4.4193,52783.03,97072.354,1.53
603616.SH,20240813,2.86,2.91,2.81,2.9,2.88,0.02,0.6944,78248.0,22506.384,2.013
300496.SZ,20240813,39.03,39.5,38.58,39.36,39.05,0.31,0.7939,76557.95,298945.852,4.011
300832.SZ,20240813,64.71,65.05,63.1,64.39,65.13,-0.74,-1.1362,14489.9,92629.447,2.011
688653.SH,20240813,11.49,11.69,11.47,11.66,11.51,0.15,1.3032,8912.91,10321.314,1.0
600212.SH,20240813,5.35,5.35,5.17,5.27,5.37,-0.1,-1.8622,49882.0,26159.124,2.718
301012.SZ,20240813,19.99,20.48,19.96,20.35,20.03,0.32,1.5976,22481.6,45478.927,1.4132
603500.SH,20240813,6.41,6.45,6.32,6.39,6.41,-0.02,-0.312,16188.2,10297.538,2.994
600863.SH,20240813,4.14,4.17,4.11,4.14,4.14,0.0,0.0,334879.84,138599.509,21.8029
002052.SZ,20240813,1.46,1.46,1.46,1.46,1.54,-0.08,-5.1948,41993.0,6130.978,6.818
002569.SZ,20240813,6.4,6.46,6.3,6.42,6.4,0.02,0.3125,5767.0,3674.602,1.558
603102.SH,20240813,30.6,30.81,30.19,30.58,30.76,-0.18,-0.5852,4222.0,12847.707,1.05
300845.SZ,20240813,10.03,10.19,9.96,10.14,10.03,0.11,1.0967,20353.96,20504.695,1.667
688211.SH,20240813,23.87,23.99,23.63,23.92,23.88,0.04,0.1675,802.7,1913.992,1.0184
688159.SH,20240813,27.66,27.76,27.01,27.5,27.4,0.1,0.365,8069.34,22041.414,1.001
600493.SH,20240813,4.31,4.35,4.24,4.34,4.3,0.04,0.9302,18714.01,8049.159,2.7273
002103.SZ,20240813,4.86,4.88,4.76,4.87,4.84,0.03,0.6198,38873.0,18779.58,2.374
920807.BJ,20240813,4.62,4.63,4.56,4.63,4.6,0.03,0.6522,1083.01,500.325,1.2804
002595.SZ,20240813,35.64,35.95,35.42,35.65,35.63,0.02,0.0561,13925.31,49629.455,4.9557
600229.SH,20240813,6.39,6.42,6.33,6.42,6.39,0.03,0.4695,24037.0,15337.415,1.6839
002369.SZ,20240813,3.33,3.44,3.28,3.43,3.3,0.13,3.9394,190841.8,64335.835,4.294
002747.SZ,20240813,12.57,12.71,12.44,12.68,12.62,0.06,0.4754,70615.0,88940.585,6.213
002630.SZ,20240813,2.28,2.35,2.23,2.35,2.27,0.08,3.5242,235200.6,54122.553,5.905
002996.SZ,20240813,5.29,5.3,5.16,5.27,5.23,0.04,0.7648,39066.1,20436.58,1.337
002204.SZ,20240813,4.14,4.18,4.12,4.18,4.15,0.03,0.7229,83241.0,34571.375,4.911
300908.SZ,20240813,25.0,25.09,24.46,24.76,24.99,-0.23,-0.9204,8788.44,21692.132,1.56
301055.SZ,20240813,12.35,12.52,12.17,12.4,12.4,0.0,0.0,9727.0,12013.398,1.054
300347.SZ,20240813,53.4,54.23,52.22,54.23,53.42,0.81,1.5163,82298.37,436489.666,12.7655
002557.SZ,20240813,27.12,27.28,26.96,27.24,27.2,0.04,0.1471,21671.66,58754.0,3.526
600119.SH,20240813,6.17,6.33,6.1,6.27,6.15,0.12,1.9512,73891.0,45904.716,2.945
002637.SZ,20240813,8.65,8.66,8.49,8.65,8.57,0.08,0.9335,12772.0,10995.935,4.599
920964.BJ,20240813,2.91,2.91,2.86,2.91,2.92,-0.01,-0.3425,12249.27,3548.049,2.2123
600295.SH,20240813,8.35,8.45,8.35,8.41,8.38,0.03,0.358,44378.55,37276.662,8.22
601598.SH,20240813,4.61,4.63,4.54,4.6,4.61,-0.01,-0.2169,171010.46,78247.803,1.2721
300990.SZ,20240813,25.9,26.49,25.9,26.3,26.09,0.21,0.8049,6395.99,16715.977,3.39
300923.SZ,20240813,19.2,19.48,19.02,19.43,19.21,0.22,1.1452,21818.11,42027.857,1.063
002428.SZ,20240813,11.75,11.84,11.47,11.73,11.69,0.04,0.3422,206623.66,240287.993,5.3
301312.SZ,20240813,34.8,36.49,34.2,35.77,34.35,1.42,4.1339,21278.6,75682.818,2.136
920541.BJ,20240813,5.47,5.52,5.4,5.52,5.54,-0.02,-0.361,17803.44,9706.776,3.8355
002695.SZ,20240813,6.83,6.87,6.66,6.76,6.87,-0.11,-1.6012,74996.47,50473.492,4.342
920640.BJ,20240813,12.43,12.95,12.3,12.68,12.5,0.18,1.44,9399.0,11853.156,3.1516
000677.SZ,20240813,2.57,2.58,2.52,2.58,2.55,0.03,1.1765,68004.0,17393.006,18.3
300652.SZ,20240813,17.49,17.7,17.32,17.7,17.52,0.18,1.0274,6078.0,10658.861,1.114
688788.SH,20240813,23.04,23.37,22.88,23.16,23.12,0.04,0.173,2026.14,4672.16,1.429
600576.SH,20240813,4.66,4.89,4.28,4.4,4.62,-0.22,-4.7619,405142.68,181573.071,3.15
688319.SH,20240813,9.0,9.15,8.95,9.08,9.1,-0.02,-0.2198,10932.75,9871.047,1.004
000031.SZ,20240813,2.41,2.43,2.35,2.42,2.38,0.04,1.6807,101159.0,24281.033,14.651
603810.SH,20240813,8.03,8.08,7.85,8.08,8.02,0.06,0.7481,14643.96,11688.841,2.077
600079.SH,20240813,20.19,20.22,19.9,20.1,20.18,-0.08,-0.3964,112251.11,224849.003,13.986
301080.SZ,20240813,36.5,36.5,35.4,36.49,36.56,-0.07,-0.1915,12022.59,43231.179,1.5857
300442.SZ,20240813,20.88,21.23,20.75,21.06,21.05,0.01,0.0475,53223.0,111431.281,1.8907
301337.SZ,20240813,25.28,25.63,24.92,25.63,25.14,0.49,1.9491,16515.44,41743.454,1.0089
002581.SZ,20240813,9.7,9.72,9.33,9.48,9.71,-0.23,-2.3687,40320.0,38253.608,2.887
600299.SH,20240813,10.82,10.99,10.82,10.97,10.87,0.1,0.92,52861.94,57655.67,3.1704
002529.SZ,20240813,4.83,5.08,4.75,4.97,4.85,0.12,2.4742,140701.85,68902.07,1.299
600522.SH,20240813,13.47,13.61,13.41,13.58,13.52,0.06,0.4438,198660.44,268027.773,8.7985
002774.SZ,20240813,6.13,6.19,6.07,6.18,6.13,0.05,0.8157,16514.9,10138.897,1.217
300779.SZ,20240813,41.56,43.18,41.2,42.7,41.56,1.14,2.743,35239.76,149451.434,1.429
600221.SH,20240813,1.1,1.1,1.08,1.09,1.09,0.0,0.0,670129.38,72953.027,3.21
002235.SZ,20240813,3.97,3.99,3.9,3.98,3.96,0.02,0.5051,62976.0,24874.276,4.574
920139.BJ,20240813,8.64,8.78,8.59,8.67,8.63,0.04,0.4635,8616.79,7463.631,6.2811
603277.SH,20240813,23.76,24.15,23.65,24.0,23.81,0.19,0.798,11582.0,27636.677,1.23
300377.SZ,20240813,5.28,5.4,5.23,5.39,5.28,0.11,2.0833,129943.0,69263.148,10.9753
688097.SH,20240813,19.74,19.74,19.21,19.45,19.4,0.05,0.2577,8428.01,16357.226,1.0066
301149.SZ,20240813,8.1,8.25,8.01,8.24,8.16,0.08,0.9804,19779.0,16155.878,1.031
300633.SZ,20240813,35.32,35.66,34.6,35.2,35.33,-0.13,-0.368,27903.67,97901.225,1.021
603180.SH,20240813,17.16,17.28,17.0,17.21,17.25,-0.04,-0.2319,7109.48,12158.294,2.2595
002306.SZ,20240813,2.55,2.57,2.5,2.57,2.54,0.03,1.1811,64048.7,16249.975,4.174
001210.SZ,20240813,12.29,12.51,12.14,12.49,12.33,0.16,1.2976,9818.88,12171.659,1.504
600114.SH,20240813,14.24,14.55,14.17,14.41,14.24,0.17,1.1938,186473.39,267380.282,6.78
600983.SH,20240813,6.8,6.85,6.73,6.84,6.81,0.03,0.4405,6485.81,4407.109,2.722
300682.SZ,20240813,8.05,8.12,7.96,8.11,8.06,0.05,0.6203,54351.25,43682.665,1.585
002321.SZ,20240813,1.56,1.58,1.55,1.56,1.57,-0.01,-0.6369,72908.0,11409.167,2.137
688130.SH,20240813,18.25,18.4,18.03,18.37,18.22,0.15,0.8233,4499.32,8201.464,1.4011
300401.SZ,20240813,14.42,14.51,14.1,14.35,14.49,-0.14,-0.9662,268857.5,384033.305,5.278
920445.BJ,20240813,4.16,4.2,4.1,4.15,4.14,0.01,0.2415,4292.24,1776.079,1.5597
920346.BJ,20240813,11.45,11.67,11.36,11.58,11.47,0.11,0.959,8420.5,9700.392,1.1889
301006.SZ,20240813,10.61,10.89,10.54,10.88,10.69,0.19,1.7774,8621.0,9284.92,1.0712
002869.SZ,20240813,28.28,28.72,27.5,28.37,28.85,-0.48,-1.6638,147391.0,412755.743,1.6596
001367.SZ,20240813,24.15,24.94,24.15,24.76,24.14,0.62,2.5684,22772.17,55974.283,1.5
688212.SH,20240813,45.31,45.33,43.31,43.9,44.76,-0.86,-1.9214,7667.36,33527.727,1.01
301115.SZ,20240813,12.36,12.54,12.23,12.54,12.35,0.19,1.5385,7735.0,9591.748,1.0565
001306.SZ,20240813,50.8,51.09,49.66,50.55,50.5,0.05,0.099,5684.64,28663.46,1.011
001234.SZ,20240813,15.7,15.9,15.61,15.9,15.76,0.14,0.8883,7605.0,11997.715,1.075
002160.SZ,20240813,3.0,3.01,2.96,3.01,2.98,0.03,1.0067,81566.0,24398.846,2.11
603356.SH,20240813,11.69,11.91,11.38,11.62,11.79,-0.17,-1.4419,16364.0,19029.758,1.033
300553.SZ,20240813,24.06,24.2,23.48,23.57,24.31,-0.74,-3.044,38154.88,90622.547,1.335
002225.SZ,20240813,3.44,3.49,3.42,3.49,3.45,0.04,1.1594,77106.0,26681.191,1.98
688126.SH,20240813,14.63,15.16,14.62,15.15,14.59,0.56,3.8382,95188.07,142667.284,1.0026
920242.BJ,20240813,13.37,13.58,13.22,13.58,13.45,0.13,0.9665,1201.39,1609.675,7.5378
300002.SZ,20240813,8.44,8.52,8.36,8.51,8.4,0.11,1.3095,279583.29,235813.43,15.605
001266.SZ,20240813,19.22,19.24,18.79,19.22,19.15,0.07,0.3655,19494.6,37107.496,1.445
000708.SZ,20240813,12.26,12.3,11.92,12.04,12.23,-0.19,-1.5536,87797.35,106009.495,4.152
920239.BJ,20240813,15.0,15.94,15.0,15.75,15.08,0.67,4.443,7236.44,11260.353,1.7651
300653.SZ,20240813,20.53,20.95,20.0,20.49,20.87,-0.38,-1.8208,74542.0,152410.592,2.486
603759.SH,20240813,5.75,5.83,5.67,5.82,5.76,0.06,1.0417,17117.6,9885.883,1.572
601918.SH,20240813,8.68,8.74,8.37,8.52,8.64,-0.12,-1.3889,253573.66,215777.278,1.622
603679.SH,20240813,13.02,13.46,12.03,12.35,13.02,-0.67,-5.1459,340077.82,436668.308,1.438
601011.SH,20240813,1.61,1.67,1.59,1.66,1.62,0.04,2.4691,273066.0,44627.402,2.638
002646.SZ,20240813,10.51,10.51,10.26,10.38,10.49,-0.11,-1.0486,27408.97,28349.278,1.108
300359.SZ,20240813,4.4,4.43,4.31,4.39,4.39,0.0,0.0,140164.05,61309.205,8.32
688223.SH,20240813,6.88,6.96,6.82,6.92,6.93,-0.01,-0.1443,277425.98,190738.07,1.035
001203.SZ,20240813,8.26,8.32,8.19,8.29,8.28,0.01,0.1208,36334.0,30001.823,1.051
605055.SH,20240813,4.15,4.22,4.1,4.18,4.18,0.0,0.0,10331.0,4302.402,1.013
920599.BJ,20240813,7.68,7.76,7.6,7.75,7.63,0.12,1.5727,10219.71,7864.389,4.6637
300891.SZ,20240813,7.17,7.24,7.05,7.23,7.12,0.11,1.5449,22419.0,16086.499,1.019
603777.SH,20240813,8.85,8.92,8.72,8.83,8.91,-0.08,-0.8979,16117.8,14197.332,1.4706
300979.SZ,20240813,60.29,60.97,59.0,60.27,60.47,-0.2,-0.3307,12392.79,74065.161,1.073
600551.SH,20240813,7.58,7.64,7.5,7.6,7.63,-0.03,-0.3932,23437.0,17754.729,5.805
002296.SZ,20240813,8.03,8.12,8.0,8.12,8.05,0.07,0.8696,66859.0,53874.571,5.184
600056.SH,20240813,10.77,10.77,10.39,10.49,10.8,-0.31,-2.8704,216325.3,227370.799,14.1528
002544.SZ,20240813,17.28,17.5,17.12,17.37,17.27,0.1,0.579,34260.0,59344.192,6.4236
603291.SH,20240813,10.1,10.25,10.0,10.24,10.16,0.08,0.7874,14134.0,14330.421,1.015
000603.SZ,20240813,10.54,10.67,10.36,10.54,10.54,0.0,0.0,76139.81,80208.586,4.2937
000021.SZ,20240813,13.19,13.44,13.19,13.44,13.19,0.25,1.8954,175941.7,233939.084,14.5798
002965.SZ,20240813,27.43,27.6,27.24,27.6,27.43,0.17,0.6198,12193.0,33459.133,1.054
600031.SH,20240813,15.36,15.41,15.11,15.26,15.34,-0.08,-0.5215,271817.47,413100.923,51.871
600308.SH,20240813,3.27,3.3,3.24,3.29,3.27,0.02,0.6116,46106.79,15112.187,10.9926
300893.SZ,20240813,25.63,25.96,25.16,25.74,25.63,0.11,0.4292,6711.5,17102.484,2.325
688573.SH,20240813,16.53,16.53,16.12,16.46,16.36,0.1,0.6112,3591.66,5859.473,1.01
600862.SH,20240813,19.63,20.08,19.62,20.03,19.66,0.37,1.882,103486.35,206053.539,7.4474
600408.SH,20240813,1.56,1.59,1.54,1.59,1.56,0.03,1.9231,70267.0,11006.554,4.214
000563.SZ,20240813,2.88,2.93,2.87,2.93,2.89,0.04,1.3841,263778.5,76736.15,18.277
301260.SZ,20240813,12.21,12.5,12.2,12.5,12.3,0.2,1.626,15247.0,18859.562,1.003
600754.SH,20240813,23.71,23.87,23.23,23.53,23.87,-0.34,-1.4244,57317.84,134361.868,3.1511
002821.SZ,20240813,68.99,69.48,68.03,69.22,69.11,0.11,0.1592,26075.09,178914.356,2.9711
002941.SZ,20240813,8.88,8.98,8.77,8.98,8.86,0.12,1.3544,34755.0,30889.511,1.0446
600777.SH,20240813,1.74,1.82,1.74,1.8,1.73,0.07,4.0462,472327.6,84313.016,30.515
605358.SH,20240813,21.11,21.36,20.65,21.05,21.11,-0.06,-0.2842,67536.04,141418.303,1.514
920266.BJ,20240813,8.48,8.66,8.4,8.49,8.58,-0.09,-1.049,5815.04,4921.357,1.0958
920395.BJ,20240813,6.97,7.07,6.87,6.96,6.93,0.03,0.4329,3544.15,2463.102,6.1702
301137.SZ,20240813,14.35,15.3,14.29,14.86,14.27,0.59,4.1345,54632.0,80335.723,1.0193
002365.SZ,20240813,7.53,7.56,7.32,7.51,7.49,0.02,0.267,41129.5,30605.751,3.4407
002805.SZ,20240813,9.33,9.6,9.22,9.56,9.32,0.24,2.5751,48192.23,45547.185,2.122
600827.SH,20240813,7.84,7.95,7.79,7.86,7.9,-0.04,-0.5063,55988.02,43926.463,8.9386
603650.SH,20240813,25.81,26.24,25.8,26.19,25.97,0.22,0.8471,23681.25,61673.365,1.067
000050.SZ,20240813,6.75,6.84,6.71,6.84,6.75,0.09,1.3333,99620.78,67616.367,8.477
000597.SZ,20240813,4.99,5.14,4.77,4.77,5.3,-0.53,-10.0,1851386.12,901539.527,5.004
301227.SZ,20240813,17.03,17.15,16.78,17.04,17.08,-0.04,-0.2342,10356.0,17512.917,1.061
600968.SH,20240813,3.92,3.96,3.87,3.96,3.91,0.05,1.2788,327368.35,128206.459,1.109
603709.SH,20240813,8.95,9.06,8.79,8.99,8.95,0.04,0.4469,9745.9,8700.332,1.6272
002926.SZ,20240813,6.64,6.72,6.62,6.7,6.64,0.06,0.9036,51203.0,34159.355,1.0553
002673.SZ,20240813,6.28,6.37,6.25,6.37,6.28,0.09,1.4331,185114.76,116907.228,2.635
603101.SH,20240813,4.59,4.63,4.5,4.56,4.58,-0.02,-0.4367,17558.25,7962.632,2.1057
002292.SZ,20240813,5.6,5.64,5.51,5.59,5.59,0.0,0.0,130283.0,72487.038,7.912
301037.SZ,20240813,8.83,9.14,8.77,9.12,8.9,0.22,2.4719,16995.67,15311.244,1.544
688367.SH,20240813,11.99,12.16,11.85,12.06,11.85,0.21,1.7722,4392.4,5277.633,1.0312
000779.SZ,20240813,6.41,6.55,6.32,6.52,6.4,0.12,1.875,45510.98,29339.027,2.3912
300920.SZ,20240813,13.95,14.37,13.66,14.33,13.97,0.36,2.577,12773.0,18072.217,1.063
920208.BJ,20240813,21.19,21.19,20.61,21.0,20.98,0.02,0.0953,119.93,250.489,1.6965
688475.SH,20240813,27.5,27.79,26.64,27.32,27.5,-0.18,-0.6545,54767.76,148599.261,1.421
600759.SH,20240813,2.44,2.46,2.39,2.44,2.41,0.03,1.2448,187818.95,45646.02,4.465
300385.SZ,20240813,3.45,3.93,3.36,3.79,3.59,0.2,5.571,196112.46,71773.219,3.934
300748.SZ,20240813,11.42,11.59,11.36,11.51,11.46,0.05,0.4363,65430.84,75114.893,2.688
603773.SH,20240813,17.91,18.35,17.71,18.15,17.9,0.25,1.3966,37752.96,68151.65,2.262
000785.SZ,20240813,2.54,2.56,2.48,2.52,2.55,-0.03,-1.1765,266747.89,67155.826,7.2587
000425.SZ,20240813,6.51,6.57,6.41,6.48,6.51,-0.03,-0.4608,299158.0,193381.186,43.0311
688511.SH,20240813,11.18,11.39,11.05,11.3,11.23,0.07,0.6233,8357.38,9343.998,1.3569
688448.SH,20240813,18.03,18.24,17.81,18.08,18.1,-0.02,-0.1105,5917.63,10656.048,1.011
001238.SZ,20240813,20.08,20.21,19.8,20.21,20.07,0.14,0.6976,2912.0,5835.543,1.0076
002653.SZ,20240813,28.85,28.96,27.98,28.29,28.85,-0.56,-1.9411,37277.93,105370.412,3.285
300174.SZ,20240813,13.0,13.35,12.97,13.26,12.97,0.29,2.2359,34001.01,44893.66,3.8755
300659.SZ,20240813,11.44,11.56,11.3,11.54,11.45,0.09,0.786,17284.0,19777.896,2.619
688609.SH,20240813,7.43,7.58,7.4,7.57,7.41,0.16,2.1592,75176.97,56372.158,1.011
300432.SZ,20240813,6.2,7.08,6.08,6.59,6.03,0.56,9.2869,471637.68,303994.124,8.141
000503.SZ,20240813,6.87,6.96,6.78,6.93,6.86,0.07,1.0204,90594.33,62349.289,7.615
600590.SH,20240813,3.47,3.57,3.43,3.53,3.48,0.05,1.4368,80286.6,28045.05,4.431
300068.SZ,20240813,8.01,8.13,7.93,8.06,8.05,0.01,0.1242,111318.02,89297.669,2.6134
600027.SH,20240813,5.52,5.52,5.41,5.5,5.47,0.03,0.5484,365753.04,200086.144,2.1705
603901.SH,20240813,6.39,6.41,6.27,6.33,6.39,-0.06,-0.939,41709.0,26397.978,4.2814
000668.SZ,20240813,6.37,6.49,6.21,6.37,6.32,0.05,0.7911,13452.0,8507.284,3.672
000682.SZ,20240813,11.29,11.65,11.21,11.37,11.34,0.03,0.2646,160860.24,183359.104,16.1126
002075.SZ,20240813,4.32,4.72,4.26,4.72,4.29,0.43,10.0233,970160.4,442118.893,2.99
000409.SZ,20240813,7.33,7.4,7.3,7.4,7.33,0.07,0.955,32225.0,23687.317,2.15
600329.SH,20240813,33.6,33.7,32.95,33.32,33.57,-0.25,-0.7447,28369.0,94105.58,3.4741
603188.SH,20240813,2.51,2.57,2.49,2.54,2.52,0.02,0.7937,66125.0,16707.861,2.16
301355.SZ,20240813,10.09,10.19,10.0,10.16,10.14,0.02,0.1972,20799.08,21021.717,1.0258
603012.SH,20240813,4.49,4.52,4.47,4.52,4.5,0.02,0.4444,31525.0,14179.004,2.216
688032.SH,20240813,127.0,129.3,125.45,128.08,127.76,0.32,0.2505,10784.7,137107.305,3.227
000880.SZ,20240813,10.15,11.41,10.03,11.14,10.37,0.77,7.4253,645616.66,713401.187,4.065
603396.SH,20240813,26.58,27.1,26.12,26.85,26.63,0.22,0.8261,29534.55,78520.362,1.4648
600096.SH,20240813,19.69,20.03,18.95,20.0,19.66,0.34,1.7294,277600.54,544177.075,2.728
300291.SZ,20240813,4.03,4.07,3.97,4.05,4.03,0.02,0.4963,89919.0,36076.274,8.145
301251.SZ,20240813,29.62,30.15,29.27,29.85,29.53,0.32,1.0836,20572.91,61187.435,1.004
601003.SH,20240813,2.64,2.69,2.63,2.68,2.65,0.03,1.1321,63657.0,16941.835,5.564
603915.SH,20240813,8.5,8.58,8.37,8.54,8.5,0.04,0.4706,44651.22,37812.103,1.488
300066.SZ,20240813,2.99,3.28,2.95,3.14,3.0,0.14,4.6667,293744.5,91048.624,21.603
003028.SZ,20240813,32.39,32.68,32.09,32.68,32.36,0.32,0.9889,2844.0,9211.816,1.021
002917.SZ,20240813,8.47,8.98,8.39,8.82,8.49,0.33,3.8869,95155.4,83207.71,2.5249
002786.SZ,20240813,6.78,6.86,6.7,6.85,6.82,0.03,0.4399,80983.0,54915.171,3.027
601279.SH,20240813,3.49,3.54,3.45,3.53,3.5,0.03,0.8571,54463.08,19011.896,1.006
300155.SZ,20240813,3.3,3.38,3.22,3.37,3.3,0.07,2.1212,179974.25,59683.188,8.263
002948.SZ,20240813,3.19,3.24,3.19,3.23,3.19,0.04,1.2539,195452.1,62938.178,1.379
002158.SZ,20240813,17.49,17.71,17.3,17.7,17.54,0.16,0.9122,32752.02,57478.264,4.314
600636.SH,20240813,7.24,7.32,7.13,7.24,7.24,0.0,0.0,40756.0,29383.797,13.648
002992.SZ,20240813,45.15,46.38,44.67,45.88,44.74,1.14,2.5481,13753.0,62757.204,1.322
000400.SZ,20240813,30.32,31.52,30.17,30.8,30.34,0.46,1.5162,91491.0,283432.958,7.897
300213.SZ,20240813,5.62,5.75,5.61,5.75,5.64,0.11,1.9504,105385.0,59938.081,6.495
601099.SH,20240813,3.18,3.27,3.18,3.27,3.18,0.09,2.8302,2241658.86,723864.168,2.852
688328.SH,20240813,12.08,12.39,11.89,12.22,12.02,0.2,1.6639,14120.89,17148.878,1.0242
300998.SZ,20240813,13.34,13.78,13.05,13.75,13.38,0.37,2.7653,33043.0,44370.823,1.016
605198.SH,20240813,21.93,22.56,21.93,22.46,22.12,0.34,1.5371,11429.0,25459.548,1.0184
688439.SH,20240813,50.67,51.45,50.37,51.31,50.75,0.56,1.1034,10347.73,52731.496,1.014
601169.SH,20240813,5.35,5.43,5.34,5.41,5.34,0.07,1.3109,652260.51,351964.397,4.695
300395.SZ,20240813,30.4,30.68,29.9,30.32,30.42,-0.1,-0.3287,33069.27,99737.076,7.219
002367.SZ,20240813,5.7,5.7,5.6,5.66,5.67,-0.01,-0.1764,32537.15,18344.264,9.122
920030.BJ,20240813,3.78,3.87,3.74,3.85,3.82,0.03,0.7853,46825.01,17824.616,2.4497
688045.SH,20240813,27.6,28.16,27.06,28.16,27.61,0.55,1.992,9408.77,25885.688,1.0
300950.SZ,20240813,13.1,13.48,13.05,13.44,13.12,0.32,2.439,30650.0,40822.248,1.532
603390.SH,20240813,8.39,8.79,8.33,8.75,8.63,0.12,1.3905,332361.49,285096.642,1.025
688382.SH,20240813,7.8,7.91,7.61,7.76,7.83,-0.07,-0.894,43503.01,33574.797,1.0
603358.SH,20240813,28.2,29.08,28.2,29.0,28.78,0.22,0.7644,12619.1,36360.925,3.1904
001218.SZ,20240813,14.33,14.48,14.23,14.48,14.33,0.15,1.0468,5360.08,7714.96,1.539
300341.SZ,20240813,8.41,8.44,8.25,8.39,8.41,-0.02,-0.2378,19546.0,16318.851,4.3307
300911.SZ,20240813,21.57,21.73,21.22,21.45,21.6,-0.15,-0.6944,6478.1,13882.013,1.381
300662.SZ,20240813,14.41,14.52,14.09,14.5,14.45,0.05,0.346,36288.0,51911.122,1.0266
002950.SZ,20240813,6.86,6.88,6.73,6.81,6.86,-0.05,-0.7289,26622.5,18038.099,1.649
601825.SH,20240813,6.37,6.41,6.27,6.34,6.36,-0.02,-0.3145,158012.98,100235.308,1.222
300535.SZ,20240813,11.02,11.33,10.89,11.31,11.06,0.25,2.2604,20324.68,22550.984,1.7428
601668.SH,20240813,5.5,5.54,5.48,5.51,5.5,0.01,0.1818,1068478.08,588557.11,2.2692
300897.SZ,20240813,17.12,17.45,16.92,17.32,17.07,0.25,1.4646,5779.96,9956.575,1.588
603719.SH,20240813,11.2,11.22,10.99,11.16,11.2,-0.04,-0.3571,28844.0,31995.416,1.044
300543.SZ,20240813,6.83,6.92,6.73,6.91,6.8,0.11,1.6176,27340.0,18738.534,4.699
688039.SH,20240813,20.07,20.1,19.45,19.88,19.77,0.11,0.5564,9576.63,18839.105,1.421
600582.SH,20240813,5.67,5.76,5.65,5.76,5.68,0.08,1.4085,191991.92,109543.079,43.941
603998.SH,20240813,11.34,11.41,11.18,11.4,11.34,0.06,0.5291,36302.64,41120.709,4.432
301259.SZ,20240813,23.47,24.16,23.18,23.5,23.48,0.02,0.0852,11008.7,25843.382,1.32
600807.SH,20240813,2.8,2.81,2.71,2.74,2.86,-0.12,-4.1958,132515.44,36413.506,6.536
600268.SH,20240813,5.41,5.5,5.38,5.49,5.41,0.08,1.4787,121764.04,66409.74,10.8197
000908.SZ,20240813,2.32,2.32,2.32,2.32,2.44,-0.12,-4.918,43735.0,10146.52,2.83
002015.SZ,20240813,7.27,7.38,7.2,7.31,7.3,0.01,0.137,84879.72,61871.127,6.123
000589.SZ,20240813,4.64,4.69,4.63,4.68,4.64,0.04,0.8621,122956.0,57261.572,6.747
600611.SH,20240813,9.05,9.45,8.8,9.28,9.71,-0.43,-4.4284,4335778.81,3970123.526,714.6925
603055.SH,20240813,10.8,11.2,10.8,11.15,10.95,0.2,1.8265,50051.41,55352.568,1.528
600222.SH,20240813,4.73,4.75,4.62,4.67,4.78,-0.11,-2.3013,180115.0,84185.386,4.1135
688357.SH,20240813,21.61,21.8,21.0,21.75,21.93,-0.18,-0.8208,17052.84,36475.407,1.79
300097.SZ,20240813,5.65,6.13,5.6,6.06,5.7,0.36,6.3158,318760.35,189247.932,3.65
002839.SZ,20240813,3.86,3.91,3.86,3.88,3.87,0.01,0.2584,131829.62,51152.44,1.497
600673.SH,20240813,6.52,6.63,6.43,6.62,6.51,0.11,1.6897,95663.36,62728.306,14.629
000567.SZ,20240813,5.27,5.35,5.22,5.35,5.29,0.06,1.1342,79728.78,42290.181,16.033
600216.SH,20240813,14.9,15.17,14.35,14.92,15.12,-0.2,-1.3228,709612.32,1044691.958,6.4985
300514.SZ,20240813,12.02,12.56,12.0,12.3,12.01,0.29,2.4147,46868.4,57470.022,2.101
600165.SH,20240813,1.77,1.82,1.76,1.8,1.85,-0.05,-2.7027,304946.5,54120.874,4.972
600986.SH,20240813,3.99,4.02,3.94,3.99,3.99,0.0,0.0,103666.02,41214.905,5.814
688322.SH,20240813,24.0,24.45,23.81,24.23,23.9,0.33,1.3808,14768.17,35590.256,1.0
688031.SH,20240813,28.9,29.38,28.55,29.25,28.97,0.28,0.9665,9944.7,28817.067,1.0
600203.SH,20240813,5.7,5.76,5.66,5.75,5.71,0.04,0.7005,96401.0,55044.5,1.685
300142.SZ,20240813,11.67,11.7,11.3,11.43,11.75,-0.32,-2.7234,232387.04,265637.421,14.391
000786.SZ,20240813,25.39,25.43,24.8,25.29,25.38,-0.09,-0.3546,76090.61,190725.347,11.568
688625.SH,20240813,35.7,35.88,35.18,35.77,36.0,-0.23,-0.6389,1355.06,4813.466,1.0511
300157.SZ,20240813,1.93,2.29,1.89,2.29,1.91,0.38,19.8953,363743.47,80386.44,6.137
002134.SZ,20240813,7.97,8.08,7.94,8.06,7.93,0.13,1.6393,26933.01,21610.375,1.251
603350.SH,20240813,28.15,29.49,28.15,29.19,28.19,1.0,3.5474,66721.11,192079.448,1.0
688378.SH,20240813,18.49,18.5,17.95,18.39,18.19,0.2,1.0995,13186.25,23939.84,2.977
000973.SZ,20240813,3.65,3.7,3.6,3.7,3.65,0.05,1.3699,67374.0,24707.565,4.014
600109.SH,20240813,7.55,7.62,7.5,7.62,7.55,0.07,0.9272,113584.32,85847.751,8.9867
600841.SH,20240813,4.0,4.11,3.97,4.09,4.03,0.06,1.4888,200144.01,81134.826,2.942
920779.BJ,20240813,20.18,20.27,19.56,20.11,20.0,0.11,0.55,1494.37,2993.611,2.5946
000856.SZ,20240813,6.04,6.06,5.94,6.06,6.0,0.06,1.0,20619.0,12397.111,1.878
300007.SZ,20240813,12.79,13.06,12.78,12.95,12.83,0.12,0.9353,31874.1,41167.448,4.231
301017.SZ,20240813,10.19,10.19,9.82,10.05,10.18,-0.13,-1.277,33225.0,33050.942,1.0214
605318.SH,20240813,15.36,15.7,15.25,15.61,15.36,0.25,1.6276,8982.0,13978.386,1.0868
688677.SH,20240813,31.98,31.98,30.91,31.47,31.69,-0.22,-0.6942,6382.0,19875.08,1.447
300080.SZ,20240813,2.86,2.91,2.77,2.89,2.85,0.04,1.4035,107374.85,30543.777,2.637
688659.SH,20240813,5.3,5.44,5.22,5.41,5.32,0.09,1.6917,18273.14,9794.056,1.022
002045.SZ,20240813,10.84,11.09,10.84,11.08,10.9,0.18,1.6514,73617.08,80975.571,5.777
300844.SZ,20240813,25.65,27.27,25.56,27.01,25.54,1.47,5.7557,27959.0,74092.146,1.6
002043.SZ,20240813,9.68,9.75,9.6,9.68,9.7,-0.02,-0.2062,49634.91,47965.346,8.498
600588.SH,20240813,8.76,8.84,8.69,8.79,8.75,0.04,0.4571,132842.45,116591.211,56.033
002791.SZ,20240813,22.51,22.6,22.1,22.57,22.6,-0.03,-0.1327,42556.0,94987.288,1.556
002230.SZ,20240813,34.8,35.09,34.5,34.92,34.71,0.21,0.605,166093.87,577006.706,13.6031
301039.SZ,20240813,8.15,8.22,8.1,8.21,8.14,0.07,0.86,43761.0,35721.906,1.074
000421.SZ,20240813,4.94,4.98,4.83,4.92,4.94,-0.02,-0.4049,203489.4,99286.056,7.4581
605377.SH,20240813,12.46,12.5,12.32,12.47,12.4,0.07,0.5645,16719.0,20773.436,2.247
000969.SZ,20240813,8.35,8.45,8.29,8.4,8.35,0.05,0.5988,57480.12,48109.573,6.9202
600719.SH,20240813,7.03,7.03,6.73,6.85,7.08,-0.23,-3.2486,236243.0,161159.805,5.487
688685.SH,20240813,22.9,23.77,22.9,23.68,23.18,0.5,2.157,8437.32,19777.781,1.321
605338.SH,20240813,13.49,13.54,13.18,13.33,13.46,-0.13,-0.9658,8268.0,11014.314,1.051
301099.SZ,20240813,33.62,33.95,33.02,33.95,33.32,0.63,1.8908,24668.4,82494.238,1.3185
600066.SH,20240813,21.14,21.65,21.02,21.65,21.06,0.59,2.8015,228000.22,487231.396,55.918
300567.SZ,20240813,57.47,57.97,56.61,57.79,57.49,0.3,0.5218,21414.0,122491.17,3.116
600703.SH,20240813,11.32,11.38,11.24,11.36,11.28,0.08,0.7092,119069.42,134671.882,21.649
002969.SZ,20240813,2.88,2.9,2.85,2.9,2.88,0.02,0.6944,49723.0,14312.216,1.076
300391.SZ,20240813,4.03,4.06,3.84,3.92,4.01,-0.09,-2.2444,238431.11,92863.046,3.786
000546.SZ,20240813,4.04,4.15,3.96,4.15,4.06,0.09,2.2167,109200.0,44452.676,1.847
920478.BJ,20240813,13.24,13.24,12.4,12.7,13.35,-0.65,-4.8689,25995.22,33139.39,3.5154
601601.SH,20240813,27.45,27.72,27.32,27.59,27.39,0.2,0.7302,122784.7,337801.304,1.5697
300989.SZ,20240813,11.88,12.39,11.87,12.29,12.03,0.26,2.1613,63507.5,77234.239,3.544
603817.SH,20240813,4.7,4.78,4.65,4.78,4.71,0.07,1.4862,45014.0,21303.198,1.0641
003004.SZ,20240813,22.25,22.7,22.11,22.7,22.33,0.37,1.657,9476.0,21336.332,1.036
002483.SZ,20240813,4.31,4.35,4.28,4.34,4.31,0.03,0.6961,55835.0,24091.852,3.286
600230.SH,20240813,10.08,10.18,9.96,10.11,10.1,0.01,0.099,38049.8,38286.189,2.262
002760.SZ,20240813,13.38,13.52,13.23,13.49,13.4,0.09,0.6716,6574.0,8798.146,1.0274
600160.SH,20240813,18.68,18.74,18.18,18.44,18.65,-0.21,-1.126,177635.42,326121.472,11.186
920422.BJ,20240813,5.27,5.36,5.23,5.31,5.31,0.0,0.0,909.55,479.822,1.0751
601375.SH,20240813,3.53,3.59,3.51,3.58,3.53,0.05,1.4164,247038.0,87882.004,1.0519
603738.SH,20240813,12.66,12.76,12.5,12.7,12.65,0.05,0.3953,40366.03,50999.224,4.943
688387.SH,20240813,4.94,4.98,4.92,4.97,4.94,0.03,0.6073,45532.82,22552.919,1.0
003035.SZ,20240813,4.17,4.23,4.14,4.2,4.18,0.02,0.4785,106143.13,44431.575,1.0063
301230.SZ,20240813,22.66,22.94,22.01,22.62,23.03,-0.41,-1.7803,25466.29,57493.157,1.851
002463.SZ,20240813,33.03,34.39,32.65,33.04,32.84,0.2,0.609,438224.3,1462170.272,3.188
002039.SZ,20240813,16.82,16.96,16.43,16.9,16.55,0.35,2.1148,44234.93,73910.179,3.726
603685.SH,20240813,10.93,11.61,10.75,11.51,10.85,0.66,6.0829,22889.23,25699.472,1.848
603876.SH,20240813,8.47,8.76,8.45,8.7,8.48,0.22,2.5943,52928.26,45734.002,1.9226
600117.SH,20240813,2.18,2.2,2.16,2.19,2.17,0.02,0.9217,21467.52,4687.586,2.75
000791.SZ,20240813,5.76,5.78,5.69,5.75,5.76,-0.01,-0.1736,121868.4,69813.711,3.967
002915.SZ,20240813,9.96,10.29,9.71,9.94,10.3,-0.36,-3.4951,169163.64,167078.671,2.194
600783.SH,20240813,9.38,9.47,9.27,9.44,9.37,0.07,0.7471,12464.0,11674.642,6.4975
601798.SH,20240813,5.24,5.25,5.11,5.25,5.21,0.04,0.7678,58619.0,30495.807,1.074
300823.SZ,20240813,11.16,11.81,11.11,11.53,11.19,0.34,3.0384,31348.94,35930.415,1.562
301365.SZ,20240813,10.21,10.76,10.06,10.5,10.21,0.29,2.8404,23139.0,24105.937,1.561
002946.SZ,20240813,8.55,8.6,8.43,8.56,8.58,-0.02,-0.2331,21274.0,18145.304,1.0409
002893.SZ,20240813,8.58,8.65,8.42,8.65,8.58,0.07,0.8159,26147.24,22383.367,1.75
600476.SH,20240813,11.92,12.03,11.75,12.01,11.92,0.09,0.755,22753.0,27080.142,2.053
301029.SZ,20240813,18.27,18.3,17.84,18.23,18.35,-0.12,-0.654,39285.5,71065.624,1.477
301041.SZ,20240813,20.45,20.9,20.45,20.89,20.45,0.44,2.1516,16840.0,34807.17,1.007
002685.SZ,20240813,3.15,3.15,2.92,3.05,3.17,-0.12,-3.7855,1016353.26,307325.499,2.895
600389.SH,20240813,12.25,12.35,12.07,12.21,12.29,-0.08,-0.6509,33336.81,40546.725,5.323
002565.SZ,20240813,2.47,2.5,2.44,2.49,2.49,0.0,0.0,95830.02,23705.178,8.4619
002580.SZ,20240813,5.96,6.06,5.92,6.05,5.95,0.1,1.6807,35992.41,21565.161,4.212
688007.SH,20240813,14.75,14.84,14.57,14.75,14.72,0.03,0.2038,13489.95,19826.789,1.0147
601106.SH,20240813,2.36,2.39,2.35,2.38,2.37,0.01,0.4219,138995.0,32940.953,1.008
002643.SZ,20240813,9.05,9.13,8.98,9.12,9.07,0.05,0.5513,32788.72,29666.482,6.068
603838.SH,20240813,4.22,4.25,4.1,4.23,4.19,0.04,0.9547,31408.0,13208.572,2.085
300839.SZ,20240813,6.47,6.55,6.22,6.31,6.59,-0.28,-4.2489,141902.13,89987.029,2.421
605589.SH,20240813,17.81,18.21,17.51,17.69,17.82,-0.13,-0.7295,63776.86,113585.668,1.027
603757.SH,20240813,18.19,18.21,17.93,18.13,18.19,-0.06,-0.3299,3154.76,5701.207,2.429
300034.SZ,20240813,14.58,14.68,14.41,14.63,14.53,0.1,0.6882,87057.0,126454.797,6.0829
601126.SH,20240813,17.6,17.94,17.46,17.69,17.51,0.18,1.028,78413.71,138812.046,3.046
300434.SZ,20240813,7.94,7.94,7.72,7.86,7.97,-0.11,-1.3802,55364.22,43316.437,3.7452
002933.SZ,20240813,22.87,23.16,22.53,23.1,22.57,0.53,2.3482,12561.0,28751.671,1.0369
603486.SH,20240813,38.13,38.28,37.35,38.1,38.2,-0.1,-0.2618,36999.56,139419.336,1.458
601818.SH,20240813,3.11,3.13,3.1,3.12,3.1,0.02,0.6452,775833.42,241606.538,1.9211
000823.SZ,20240813,7.55,7.67,7.53,7.67,7.56,0.11,1.455,41431.0,31568.195,2.998
603027.SH,20240813,14.01,14.07,13.6,13.77,13.88,-0.11,-0.7925,49653.68,68233.524,6.071
600249.SH,20240813,3.8,3.81,3.75,3.8,3.81,-0.01,-0.2625,44011.0,16646.313,4.4535
920679.BJ,20240813,11.6,11.76,11.45,11.67,11.72,-0.05,-0.4266,1969.19,2284.08,1.0747
600455.SH,20240813,14.54,14.7,14.32,14.6,14.52,0.08,0.551,10571.0,15343.694,1.13
600076.SH,20240813,1.44,1.45,1.41,1.45,1.43,0.02,1.3986,95535.0,13723.802,3.265
920699.BJ,20240813,17.27,17.46,17.1,17.4,17.17,0.23,1.3395,3846.64,6674.536,1.0391
603639.SH,20240813,11.31,11.48,11.31,11.4,11.43,-0.03,-0.2625,4942.0,5627.748,3.3082
300435.SZ,20240813,10.75,10.82,10.61,10.8,10.8,0.0,0.0,20537.01,22033.088,3.197
000096.SZ,20240813,9.73,9.84,9.59,9.68,9.73,-0.05,-0.5139,40792.0,39617.939,2.86
603969.SH,20240813,4.31,4.32,4.25,4.3,4.3,0.0,0.0,34421.0,14745.26,4.7144
603655.SH,20240813,13.81,14.06,13.68,14.0,13.83,0.17,1.2292,5965.0,8299.943,1.0301
603038.SH,20240813,7.23,7.28,7.08,7.17,7.24,-0.07,-0.9669,22229.84,15901.004,3.839
300578.SZ,20240813,13.52,13.77,13.3,13.67,13.52,0.15,1.1095,39504.0,53474.885,1.843
601611.SH,20240813,7.75,7.82,7.74,7.82,7.77,0.05,0.6435,79585.78,61917.262,1.069
688051.SH,20240813,15.81,16.06,15.5,15.96,15.74,0.22,1.3977,3898.04,6161.191,1.013
600272.SH,20240813,10.35,10.39,9.83,10.14,10.6,-0.46,-4.3396,196200.91,197019.416,1.2963
000670.SZ,20240813,4.72,4.86,4.67,4.8,4.71,0.09,1.9108,251466.5,120072.02,10.09
300822.SZ,20240813,9.73,9.99,9.73,9.93,9.75,0.18,1.8462,30361.28,29942.347,3.05
601595.SH,20240813,17.99,18.06,17.4,17.69,18.07,-0.38,-2.1029,82000.43,144466.596,1.2667
920184.BJ,20240813,5.38,5.39,5.27,5.34,5.38,-0.04,-0.7435,7347.65,3910.406,1.1838
002600.SZ,20240813,6.7,6.87,6.62,6.79,6.72,0.07,1.0417,1170945.96,788441.573,4.385
600992.SH,20240813,13.72,14.05,13.62,13.95,13.78,0.17,1.2337,46763.0,64969.772,1.5757
300566.SZ,20240813,14.0,14.55,13.95,14.54,14.01,0.53,3.783,67349.5,96804.535,3.031
002132.SZ,20240813,2.12,2.13,2.07,2.13,2.1,0.03,1.4286,91591.79,19356.382,5.979
600692.SH,20240813,5.51,5.53,5.33,5.44,5.55,-0.11,-1.982,192575.0,104147.209,8.374
001215.SZ,20240813,26.97,26.98,26.34,26.71,27.02,-0.31,-1.1473,11481.0,30557.02,1.0117
920169.BJ,20240813,7.8,8.12,7.54,7.79,7.75,0.04,0.5161,79976.51,62638.146,1.0651
300846.SZ,20240813,9.15,9.3,9.01,9.22,9.05,0.17,1.8785,53823.57,49274.246,1.002
600936.SH,20240813,2.02,2.06,2.0,2.03,2.02,0.01,0.495,53930.0,10947.953,1.026
920576.BJ,20240813,16.7,16.88,16.51,16.81,16.64,0.17,1.0216,1825.53,3041.619,1.1455
920046.BJ,20240813,7.93,8.15,7.93,8.09,8.2,-0.11,-1.3415,33052.5,26554.464,1.5803
000815.SZ,20240813,6.94,6.98,6.84,6.98,6.95,0.03,0.4317,58314.85,40326.659,3.446
605189.SH,20240813,11.38,11.4,11.2,11.32,11.32,0.0,0.0,11078.0,12488.454,1.271
301000.SZ,20240813,13.01,13.36,13.0,13.34,13.04,0.3,2.3006,22215.6,29339.619,4.9654
001201.SZ,20240813,16.5,16.98,16.36,16.57,16.44,0.13,0.7908,34708.35,57637.043,1.717
002492.SZ,20240813,4.46,4.49,4.41,4.48,4.45,0.03,0.6742,20850.51,9297.443,3.367
300997.SZ,20240813,11.22,11.3,11.08,11.3,11.3,0.0,0.0,12909.13,14431.313,1.058
605333.SH,20240813,23.01,23.77,22.94,23.58,23.08,0.5,2.1664,28313.0,66582.582,1.006
603316.SH,20240813,3.81,3.81,3.53,3.69,3.83,-0.14,-3.6554,159330.0,58637.022,1.34
301220.SZ,20240813,25.33,25.43,24.23,24.75,25.77,-1.02,-3.9581,23276.79,57383.589,1.016
300321.SZ,20240813,15.13,15.3,14.94,15.24,15.14,0.1,0.6605,9328.0,14120.537,2.167
603956.SH,20240813,4.75,4.83,4.66,4.82,4.75,0.07,1.4737,25712.57,12257.346,1.074
300902.SZ,20240813,17.22,17.22,16.67,16.96,17.22,-0.26,-1.5099,11775.74,19880.112,1.443
601068.SH,20240813,4.13,4.18,4.1,4.18,4.12,0.06,1.4563,41886.0,17381.735,1.005
002233.SZ,20240813,7.2,7.31,7.19,7.29,7.24,0.05,0.6906,39899.7,28899.682,3.35
300733.SZ,20240813,10.03,10.25,9.95,10.25,10.09,0.16,1.5857,35031.0,35512.231,1.65
301024.SZ,20240813,21.05,25.2,21.05,25.2,21.0,4.2,20.0,58337.08,144768.63,1.52
002608.SZ,20240813,6.99,7.04,6.95,7.0,6.99,0.01,0.1431,39654.0,27721.388,2.7574
688172.SH,20240813,14.72,14.83,14.62,14.78,14.67,0.11,0.7498,10028.82,14769.017,1.002
300479.SZ,20240813,13.52,13.62,13.27,13.5,13.35,0.15,1.1236,14152.0,18966.989,2.026
002300.SZ,20240813,4.91,4.93,4.82,4.89,4.89,0.0,0.0,51342.31,24955.198,7.8523
601096.SH,20240813,3.85,3.9,3.83,3.89,3.84,0.05,1.3021,106936.3,41420.679,1.0025
000707.SZ,20240813,6.57,6.57,6.45,6.56,6.54,0.02,0.3058,18429.02,12007.248,3.099
002004.SZ,20240813,4.16,4.2,4.13,4.19,4.16,0.03,0.7212,121268.3,50602.666,23.572
300420.SZ,20240813,2.19,2.25,2.17,2.25,2.19,0.06,2.7397,136498.6,30411.884,9.393
300460.SZ,20240813,8.2,8.65,8.2,8.65,8.23,0.42,5.1033,109604.87,92662.533,1.423
300242.SZ,20240813,1.92,2.09,1.9,2.06,1.95,0.11,5.641,541932.0,109267.441,5.154
600161.SH,20240813,24.4,24.64,24.25,24.61,24.48,0.13,0.531,60453.43,147822.414,19.113
002634.SZ,20240813,3.21,3.25,3.12,3.21,3.24,-0.03,-0.9259,97833.0,31090.425,6.96
300888.SZ,20240813,26.09,26.2,25.86,26.17,26.08,0.09,0.3451,10489.2,27289.332,1.507
601010.SH,20240813,1.77,1.77,1.74,1.75,1.76,-0.01,-0.5682,116717.61,20403.936,5.122
000952.SZ,20240813,5.22,5.25,5.11,5.21,5.27,-0.06,-1.1385,109282.2,56611.656,2.568
603322.SH,20240813,24.49,24.49,22.32,23.68,24.8,-1.12,-4.5161,103379.0,238875.546,1.973
301207.SZ,20240813,17.47,17.62,17.01,17.26,17.45,-0.19,-1.0888,23482.91,40336.715,1.566
301172.SZ,20240813,23.77,24.23,23.65,24.11,23.75,0.36,1.5158,8838.0,21160.961,1.01
002373.SZ,20240813,8.0,8.17,7.97,8.16,8.0,0.16,2.0,175065.29,141591.633,4.129
300721.SZ,20240813,10.88,11.04,10.83,11.04,10.87,0.17,1.5639,17498.0,19150.004,1.9593
688373.SH,20240813,4.29,4.31,4.11,4.29,4.3,-0.01,-0.2326,80502.22,33768.421,1.0
600025.SH,20240813,11.4,11.65,11.37,11.52,11.37,0.15,1.3193,258785.0,298145.927,1.207
002012.SZ,20240813,3.17,3.2,3.13,3.2,3.2,0.0,0.0,48023.0,15198.604,5.291
000607.SZ,20240813,3.02,3.04,2.97,3.04,3.02,0.02,0.6623,52575.0,15799.84,3.798
603226.SH,20240813,3.18,3.21,3.13,3.18,3.18,0.0,0.0,27793.3,8819.703,4.166
300437.SZ,20240813,8.56,9.31,8.55,8.95,8.64,0.31,3.588,78312.8,69938.492,2.932
688498.SH,20240813,95.95,97.05,94.03,95.39,95.69,-0.3,-0.3135,10831.76,103236.98,1.405
603259.SH,20240813,41.45,41.5,40.8,41.2,41.38,-0.18,-0.435,231841.56,950931.185,2.483
000899.SZ,20240813,8.11,8.18,8.05,8.14,8.14,0.0,0.0,83425.0,67686.028,3.671
001323.SZ,20240813,28.2,28.45,27.9,28.44,28.3,0.14,0.4947,5351.22,15113.005,1.092
920974.BJ,20240813,5.18,5.18,4.97,5.1,5.23,-0.13,-2.4857,15677.76,7908.969,2.2205
603225.SH,20240813,12.45,12.49,12.19,12.33,12.41,-0.08,-0.6446,45759.0,56338.385,2.106
300160.SZ,20240813,4.61,4.64,4.55,4.62,4.6,0.02,0.4348,47738.2,21912.681,7.644
688585.SH,20240813,5.28,5.38,5.16,5.34,5.27,0.07,1.3283,18617.23,9848.042,1.014
301280.SZ,20240813,33.18,33.53,32.97,33.3,32.94,0.36,1.0929,5095.0,16946.077,1.568
301019.SZ,20240813,12.96,13.2,12.91,13.2,13.0,0.2,1.5385,4215.34,5520.874,2.2253
600281.SH,20240813,2.61,2.87,2.57,2.69,2.61,0.08,3.0651,118845.0,32060.427,1.933
600243.SH,20240813,3.07,3.1,3.02,3.07,3.07,0.0,0.0,73184.51,22359.884,1.597
000591.SZ,20240813,4.38,4.4,4.33,4.38,4.4,-0.02,-0.4545,159344.91,69514.098,14.787
301007.SZ,20240813,11.82,12.12,11.66,12.12,11.82,0.3,2.5381,46352.0,55269.336,1.029
601168.SH,20240813,15.53,15.76,15.49,15.75,15.39,0.36,2.3392,255108.05,398859.4,1.345
000723.SZ,20240813,4.32,4.34,4.25,4.32,4.32,0.0,0.0,195884.11,84209.822,6.815
002213.SZ,20240813,9.12,9.21,8.92,9.14,9.02,0.12,1.3304,25612.0,23226.138,2.1
300221.SZ,20240813,4.73,4.84,4.7,4.8,4.77,0.03,0.6289,107729.0,51369.25,4.212
920547.BJ,20240813,14.55,14.56,14.23,14.52,14.75,-0.23,-1.5593,5317.75,7633.421,1.3166
920810.BJ,20240813,5.99,6.02,5.76,5.86,6.03,-0.17,-2.8192,5865.86,3436.389,2.0072
600877.SH,20240813,10.69,10.77,10.57,10.72,10.68,0.04,0.3745,55534.0,59245.426,4.641
300947.SZ,20240813,13.8,14.13,13.55,13.76,14.14,-0.38,-2.6874,80988.45,111475.614,2.903
002268.SZ,20240813,12.67,12.79,12.48,12.64,12.67,-0.03,-0.2368,44717.78,56424.452,8.5805
002370.SZ,20240813,2.61,2.61,2.53,2.57,2.59,-0.02,-0.7722,106240.0,27206.116,3.53
600880.SH,20240813,3.57,3.61,3.54,3.59,3.6,-0.01,-0.2778,65872.64,23544.303,29.7628
603337.SH,20240813,26.35,27.22,26.29,27.2,26.54,0.66,2.4868,40021.0,107517.215,2.3789
002188.SZ,20240813,4.08,4.14,4.02,4.11,4.06,0.05,1.2315,74145.0,30320.468,1.978
600585.SH,20240813,23.37,23.37,22.85,23.15,23.28,-0.13,-0.5584,85805.49,197578.259,5.86
601113.SH,20240813,3.02,3.05,3.01,3.05,3.03,0.02,0.6601,71969.0,21844.478,2.117
603789.SH,20240813,7.06,7.1,6.9,7.0,7.06,-0.06,-0.8499,32348.7,22602.718,1.322
002180.SZ,20240813,24.55,24.62,23.92,24.35,24.55,-0.2,-0.8147,85495.56,206531.684,4.846
301068.SZ,20240813,19.12,19.4,18.5,19.02,19.61,-0.59,-3.0087,9482.16,17996.571,1.321
002195.SZ,20240813,2.33,2.36,2.32,2.35,2.33,0.02,0.8584,351777.92,82459.354,30.336
688348.SH,20240813,45.7,46.93,44.66,45.74,45.7,0.04,0.0875,21139.27,96231.179,2.0047
300131.SZ,20240813,4.2,4.27,4.18,4.26,4.2,0.06,1.4286,117686.0,49683.566,18.532
002494.SZ,20240813,3.11,3.15,3.08,3.15,3.13,0.02,0.639,54309.0,16935.139,2.701
688711.SH,20240813,13.66,13.97,13.54,13.92,13.68,0.24,1.7544,20452.43,28159.823,2.169
603711.SH,20240813,11.83,11.86,11.58,11.74,11.83,-0.09,-0.7608,14925.0,17448.946,1.089
000555.SZ,20240813,8.26,8.35,8.2,8.33,8.26,0.07,0.8475,35888.0,29690.864,3.179
600155.SH,20240813,6.15,6.25,6.09,6.24,6.14,0.1,1.6287,179116.0,110672.226,2.904
600726.SH,20240813,2.07,2.08,2.05,2.07,2.07,0.0,0.0,66932.16,13832.193,3.597
601633.SH,20240813,22.22,22.32,21.88,22.3,22.21,0.09,0.4052,116926.32,257895.788,3.89
300587.SZ,20240813,3.77,3.82,3.72,3.81,3.77,0.04,1.061,68861.4,25947.383,8.609
002106.SZ,20240813,8.72,8.91,8.71,8.91,8.7,0.21,2.4138,81177.16,71520.951,3.822
301263.SZ,20240813,13.88,13.99,13.64,13.86,14.0,-0.14,-1.0,26073.09,35910.559,1.901
300639.SZ,20240813,5.92,6.6,5.71,6.45,5.69,0.76,13.3568,874379.95,539966.345,7.197
300233.SZ,20240813,14.67,14.72,14.35,14.57,14.64,-0.07,-0.4781,48517.84,70215.858,2.255
600865.SH,20240813,6.73,6.76,6.62,6.68,6.73,-0.05,-0.7429,7813.0,5220.009,5.372
603327.SH,20240813,11.27,11.72,11.27,11.72,11.3,0.42,3.7168,112106.95,129837.139,2.07
301048.SZ,20240813,8.1,8.26,8.06,8.25,8.12,0.13,1.601,19671.48,16071.19,1.0212
603116.SH,20240813,4.28,4.33,4.22,4.32,4.28,0.04,0.9346,18781.6,8038.29,1.8491
301333.SZ,20240813,43.8,44.17,43.0,44.06,44.09,-0.03,-0.068,9108.0,39687.343,1.6146
301225.SZ,20240813,24.6,25.1,24.55,25.03,24.64,0.39,1.5828,4287.43,10671.004,1.015
920392.BJ,20240813,9.99,10.48,9.93,10.3,10.16,0.14,1.378,6849.42,6947.222,1.1324
600208.SH,20240813,1.68,1.69,1.66,1.68,1.68,0.0,0.0,289130.0,48544.522,7.008
002783.SZ,20240813,7.05,7.5,7.05,7.47,7.11,0.36,5.0633,145804.9,107309.913,4.377
600602.SH,20240813,9.89,9.97,9.78,9.92,9.89,0.03,0.3033,91274.45,90184.235,542.9835
002351.SZ,20240813,11.2,11.34,11.14,11.33,11.2,0.13,1.1607,63025.0,70899.577,7.438
002129.SZ,20240813,8.14,8.28,8.02,8.23,8.18,0.05,0.6112,485546.04,395226.921,5.4952
603800.SH,20240813,19.22,19.22,18.31,18.7,19.21,-0.51,-2.6549,12376.0,23153.162,1.105
920249.BJ,20240813,3.45,3.45,3.37,3.44,3.45,-0.01,-0.2899,15596.65,5307.756,5.3962
002261.SZ,20240813,9.98,10.02,9.86,9.98,9.92,0.06,0.6048,110188.47,109469.292,10.138
603970.SH,20240813,12.68,12.75,12.52,12.59,12.68,-0.09,-0.7098,10251.8,12893.21,2.246
688029.SH,20240813,62.0,62.0,60.66,61.55,62.03,-0.48,-0.7738,8236.52,50398.768,1.452
603031.SH,20240813,24.62,24.79,23.64,24.51,24.82,-0.31,-1.249,25880.35,62745.883,2.075
600505.SH,20240813,8.86,8.88,8.6,8.68,8.95,-0.27,-3.0168,147685.88,128008.451,3.3574
600370.SH,20240813,1.27,1.28,1.25,1.26,1.27,-0.01,-0.7874,56874.75,7188.938,7.423
003039.SZ,20240813,11.58,11.81,11.46,11.76,11.64,0.12,1.0309,23934.0,27916.769,1.0289
300228.SZ,20240813,5.79,5.97,5.77,5.9,5.89,0.01,0.1698,240866.2,141301.923,6.521
601008.SH,20240813,3.53,3.56,3.52,3.54,3.52,0.02,0.5682,56870.41,20117.637,1.718
300681.SZ,20240813,12.08,12.34,12.04,12.33,12.15,0.18,1.4815,16839.0,20545.629,2.902
920931.BJ,20240813,7.4,7.46,7.33,7.45,7.35,0.1,1.3605,9815.74,7260.735,1.0371
002050.SZ,20240813,16.44,16.56,16.18,16.34,16.44,-0.1,-0.6083,413778.17,673951.093,15.187
002775.SZ,20240813,2.16,2.17,2.08,2.16,2.16,0.0,0.0,97839.63,20807.89,4.706
600233.SH,20240813,14.51,14.66,14.25,14.53,14.58,-0.05,-0.3429,62431.0,89952.711,5.372
688529.SH,20240813,11.24,11.24,10.99,11.14,11.22,-0.08,-0.713,9360.56,10380.317,1.025
002166.SZ,20240813,7.0,7.0,6.76,6.85,7.02,-0.17,-2.4217,161189.47,109965.912,7.498
601600.SH,20240813,6.59,6.64,6.48,6.56,6.56,0.0,0.0,789889.22,515857.222,1.0454
605016.SH,20240813,15.73,15.86,15.37,15.69,15.79,-0.1,-0.6333,15707.87,24414.324,2.59
603323.SH,20240813,4.52,4.58,4.5,4.57,4.5,0.07,1.5556,217385.54,98820.104,1.772
002443.SZ,20240813,5.41,5.46,5.38,5.45,5.39,0.06,1.1132,30583.96,16601.997,4.1498
600509.SH,20240813,4.82,4.88,4.79,4.88,4.82,0.06,1.2448,71866.1,34853.797,6.4499
002885.SZ,20240813,9.6,9.74,9.47,9.67,9.63,0.04,0.4154,20012.8,19179.418,3.199
600438.SH,20240813,18.61,18.83,18.38,18.57,18.67,-0.1,-0.5356,122876.66,228087.675,12.681
300879.SZ,20240813,13.03,13.19,12.87,13.17,13.0,0.17,1.3077,12912.14,16826.21,1.009
603214.SH,20240813,10.83,10.87,10.62,10.8,10.79,0.01,0.0927,13053.0,13988.927,1.535
688799.SH,20240813,38.58,38.68,38.09,38.64,38.58,0.06,0.1555,2597.82,9963.837,1.046
002702.SZ,20240813,3.44,3.48,3.4,3.47,3.46,0.01,0.289,54216.4,18654.611,7.306
003017.SZ,20240813,15.61,15.88,15.48,15.82,15.76,0.06,0.3807,4940.0,7762.544,1.5173
001219.SZ,20240813,11.84,12.07,11.28,11.42,11.9,-0.48,-4.0336,93778.48,109386.348,2.2918
688118.SH,20240813,12.5,12.69,12.3,12.62,12.49,0.13,1.0408,7851.64,9790.628,1.0533
002998.SZ,20240813,5.42,5.44,5.35,5.44,5.4,0.04,0.7407,18863.0,10200.805,1.04
002931.SZ,20240813,8.16,8.25,7.91,8.24,8.2,0.04,0.4878,18131.0,14779.72,2.306
300239.SZ,20240813,4.7,4.72,4.64,4.7,4.71,-0.01,-0.2123,40612.02,18991.283,5.475
600540.SH,20240813,3.54,3.61,3.51,3.6,3.56,0.04,1.1236,39771.3,14229.863,3.453
000702.SZ,20240813,5.09,5.55,5.01,5.42,5.23,0.19,3.6329,535315.06,284146.167,2.553
603123.SH,20240813,5.96,6.04,5.9,6.02,5.99,0.03,0.5008,45838.0,27356.849,1.172
605286.SH,20240813,21.05,21.36,20.89,21.33,21.17,0.16,0.7558,6590.0,13951.907,1.03
300867.SZ,20240813,10.89,11.01,10.66,11.0,10.85,0.15,1.3825,41668.0,45361.039,1.0208
301215.SZ,20240813,5.25,5.37,5.24,5.37,5.24,0.13,2.4809,85924.0,45514.252,1.027
000892.SZ,20240813,2.58,2.61,2.52,2.6,2.6,0.0,0.0,132414.71,34052.188,2.486
601686.SH,20240813,5.34,5.4,5.31,5.39,5.34,0.05,0.9363,14185.0,7610.14,1.128
002140.SZ,20240813,6.95,7.08,6.88,7.08,6.95,0.13,1.8705,28803.0,20180.738,9.11
301077.SZ,20240813,16.9,17.02,16.57,17.02,16.83,0.19,1.1289,9743.0,16420.209,2.203
300302.SZ,20240813,9.86,10.09,9.85,10.08,9.87,0.21,2.1277,94889.0,94724.314,6.909
603223.SH,20240813,8.2,8.42,8.2,8.3,8.2,0.1,1.2195,52711.21,43822.556,3.986
002952.SZ,20240813,18.48,20.66,18.48,20.66,18.78,1.88,10.0106,74829.98,149863.316,2.464
002588.SZ,20240813,6.57,6.76,6.57,6.7,6.59,0.11,1.6692,98244.0,65697.744,9.963
000997.SZ,20240813,12.66,12.87,12.62,12.79,12.74,0.05,0.3925,53868.07,68524.741,11.8005
600452.SH,20240813,10.1,10.11,10.0,10.09,10.07,0.02,0.1986,39499.23,39682.077,13.0062
688386.SH,20240813,25.39,25.65,25.23,25.65,25.4,0.25,0.9843,1592.58,4048.86,1.039
920021.BJ,20240813,3.05,3.07,3.0,3.06,3.05,0.01,0.3279,17242.74,5241.077,10.1332
002312.SZ,20240813,6.6,6.68,6.52,6.65,6.59,0.06,0.9105,69126.0,45645.576,18.914
601900.SH,20240813,11.65,11.71,11.45,11.61,11.74,-0.13,-1.1073,62790.42,72502.898,1.2722
603716.SH,20240813,6.99,7.15,6.66,7.01,7.18,-0.17,-2.3677,249698.3,170636.843,3.526
603968.SH,20240813,9.14,9.16,8.95,9.16,9.13,0.03,0.3286,8148.0,7389.077,2.5521
600298.SH,20240813,31.0,31.0,30.4,30.67,30.87,-0.2,-0.6479,60459.0,185218.786,8.529
688543.SH,20240813,41.4,42.94,41.3,42.82,41.6,1.22,2.9327,15457.76,65397.197,1.215
603089.SH,20240813,8.02,8.07,7.93,8.07,8.02,0.05,0.6234,10292.0,8243.604,2.18
000887.SZ,20240813,10.99,11.07,10.9,11.02,10.96,0.06,0.5474,71845.31,78808.138,7.543
920575.BJ,20240813,22.09,23.37,21.32,23.34,22.15,1.19,5.3725,30408.31,67835.1,1.9994
603528.SH,20240813,5.89,5.97,5.86,5.97,5.9,0.07,1.1864,72615.11,42977.232,3.148
300319.SZ,20240813,8.75,8.86,8.72,8.85,8.75,0.1,1.1429,146451.92,128687.771,8.075
300970.SZ,20240813,11.45,11.53,11.24,11.5,11.45,0.05,0.4367,18274.97,20811.641,2.066
000818.SZ,20240813,16.92,17.06,16.54,16.7,16.92,-0.22,-1.3002,118617.23,198650.765,2.102
300552.SZ,20240813,29.39,29.99,28.66,29.43,29.5,-0.07,-0.2373,60141.19,175340.4,1.895
600645.SH,20240813,17.32,17.44,17.05,17.25,17.5,-0.25,-1.4286,56669.56,97542.238,18.139
301069.SZ,20240813,11.8,12.0,11.56,11.99,11.8,0.19,1.6102,18224.65,21508.058,1.023
300351.SZ,20240813,14.28,14.28,13.89,14.15,14.16,-0.01,-0.0706,64489.0,90751.586,4.517
600887.SH,20240813,24.36,24.41,23.97,24.09,24.35,-0.26,-1.0678,295409.0,711122.998,85.826
300930.SZ,20240813,21.01,21.59,20.93,21.51,21.2,0.31,1.4623,16130.35,34296.074,1.018
300425.SZ,20240813,4.08,4.17,4.04,4.17,4.14,0.03,0.7246,98872.0,40512.298,8.6328
300137.SZ,20240813,4.1,4.19,3.93,4.15,4.17,-0.02,-0.4796,122870.07,50048.339,4.602
600015.SH,20240813,6.13,6.21,6.12,6.17,6.13,0.04,0.6525,309211.98,190804.425,5.798
601890.SH,20240813,6.95,7.08,6.95,7.08,6.94,0.14,2.0173,91063.55,63990.029,2.89
688400.SH,20240813,14.06,14.36,14.04,14.21,14.08,0.13,0.9233,8750.15,12401.254,1.006
300803.SZ,20240813,37.18,37.78,36.8,37.76,37.1,0.66,1.779,75068.34,280236.8,1.003
002224.SZ,20240813,3.74,3.74,3.67,3.72,3.72,0.0,0.0,23369.0,8659.571,7.151
603767.SH,20240813,10.3,10.4,10.16,10.33,10.31,0.02,0.194,20572.4,21124.066,1.684
688229.SH,20240813,28.94,29.5,28.08,29.26,28.36,0.9,3.1735,11367.29,32862.791,1.012
002058.SZ,20240813,7.18,7.28,7.05,7.23,7.15,0.08,1.1189,23872.0,17073.534,2.386
688150.SH,20240813,16.07,16.34,16.02,16.29,16.1,0.19,1.1801,11239.2,18172.54,1.011
300510.SZ,20240813,3.43,3.46,3.35,3.45,3.4,0.05,1.4706,64577.09,22056.874,6.221
000712.SZ,20240813,10.02,11.1,10.0,11.1,10.09,1.01,10.0099,929193.75,981976.484,13.16
300314.SZ,20240813,10.51,10.58,10.3,10.47,10.56,-0.09,-0.8523,24790.0,25783.715,3.938
600993.SH,20240813,28.05,28.07,27.3,27.72,28.05,-0.33,-1.1765,38753.82,106735.481,12.2644
601038.SH,20240813,14.76,14.79,14.45,14.68,14.69,-0.01,-0.0681,33671.0,49137.939,1.096
002265.SZ,20240813,8.59,8.69,8.52,8.67,8.6,0.07,0.814,18211.0,15689.78,1.003
301105.SZ,20240813,24.8,25.4,24.26,25.33,24.8,0.53,2.1371,6071.0,15159.368,1.027
600938.SH,20240813,28.56,28.75,28.24,28.46,28.16,0.3,1.0653,356537.64,1014895.312,1.1983
300961.SZ,20240813,8.0,8.26,7.53,8.26,8.2,0.06,0.7317,39434.36,31653.592,1.003
920703.BJ,20240813,15.86,15.98,15.75,15.94,15.9,0.04,0.2516,4841.33,7660.132,1.436
002841.SZ,20240813,28.58,28.9,28.46,28.78,28.71,0.07,0.2438,12559.69,36018.237,1.753
002101.SZ,20240813,9.85,9.98,9.82,9.96,9.88,0.08,0.8097,33893.69,33533.191,4.2104
603929.SH,20240813,22.65,23.16,22.6,23.14,22.65,0.49,2.1634,20776.0,47495.986,1.127
301303.SZ,20240813,11.15,11.25,11.02,11.25,11.08,0.17,1.5343,6624.4,7390.643,1.444
600765.SH,20240813,18.64,18.79,18.38,18.79,18.58,0.21,1.1302,98532.36,183398.989,13.006
603912.SH,20240813,5.79,5.81,5.69,5.78,5.73,0.05,0.8726,40790.76,23439.322,2.996
688059.SH,20240813,47.51,47.88,46.65,47.34,47.7,-0.36,-0.7547,6209.09,29291.037,1.4656
002273.SZ,20240813,17.63,18.14,17.6,17.91,17.6,0.31,1.7614,199644.22,356168.719,15.052
688192.SH,20240813,38.5,38.96,37.95,38.72,38.54,0.18,0.467,7596.68,29058.124,1.0
002100.SZ,20240813,6.76,6.98,6.73,6.84,6.77,0.07,1.034,241521.5,164881.981,12.406
920275.BJ,20240813,3.19,3.22,3.15,3.22,3.2,0.02,0.625,6472.27,2054.154,1.6555
002142.SZ,20240813,20.45,20.46,20.15,20.3,20.36,-0.06,-0.2947,232970.38,472090.212,2.3613
002579.SZ,20240813,6.43,6.53,6.4,6.51,6.43,0.08,1.2442,51133.37,33067.991,4.701
600094.SH,20240813,3.33,3.34,3.26,3.31,3.29,0.02,0.6079,119690.47,39430.708,2.756
605365.SH,20240813,14.42,14.57,13.75,13.97,14.56,-0.59,-4.0522,27183.0,38079.41,1.0516
300703.SZ,20240813,7.78,7.78,7.58,7.75,7.68,0.07,0.9115,12129.0,9332.693,2.518
300082.SZ,20240813,4.38,4.42,4.3,4.42,4.4,0.02,0.4545,45740.0,19990.366,8.274
688079.SH,20240813,6.37,6.5,6.3,6.42,6.31,0.11,1.7433,17746.18,11338.177,1.012
300153.SZ,20240813,5.59,5.74,5.53,5.72,5.64,0.08,1.4184,24499.0,13911.201,4.371
001283.SZ,20240813,32.85,33.34,32.36,33.32,32.81,0.51,1.5544,6656.0,21892.56,1.017
002717.SZ,20240813,0.92,1.03,0.9,1.0,1.0,0.0,0.0,3137778.8,289648.303,13.486
002589.SZ,20240813,2.31,2.32,2.28,2.32,2.32,0.0,0.0,159465.18,36698.329,9.533
600876.SH,20240813,8.81,8.95,8.65,8.9,8.82,0.08,0.907,19364.0,17121.297,1.427
000989.SZ,20240813,6.71,6.76,6.66,6.73,6.75,-0.02,-0.2963,40329.0,27015.681,5.434
601966.SH,20240813,16.55,16.58,16.25,16.45,16.45,0.0,0.0,68622.42,112271.034,1.109
000965.SZ,20240813,2.59,2.61,2.54,2.6,2.59,0.01,0.3861,124062.0,32018.058,2.873
688148.SH,20240813,3.96,3.98,3.85,3.96,3.94,0.02,0.5076,43573.53,17071.748,1.005
301326.SZ,20240813,27.52,28.55,27.5,28.52,27.5,1.02,3.7091,13068.05,36792.661,1.012
002074.SZ,20240813,18.49,18.88,18.4,18.71,18.55,0.16,0.8625,79468.85,147923.424,4.541
600207.SH,20240813,3.64,3.7,3.61,3.7,3.66,0.04,1.0929,102563.0,37594.63,1.555
688193.SH,20240813,26.09,26.5,25.57,26.5,26.15,0.35,1.3384,2255.89,5885.119,1.0105
600007.SH,20240813,21.58,21.71,21.21,21.46,21.57,-0.11,-0.51,13765.0,29508.301,2.107
600468.SH,20240813,4.07,4.09,4.02,4.09,4.06,0.03,0.7389,48423.0,19686.717,12.493
002837.SZ,20240813,21.98,22.08,21.07,21.63,21.72,-0.09,-0.4144,148350.89,318828.663,8.529
600420.SH,20240813,12.48,12.48,12.27,12.41,12.44,-0.03,-0.2412,91019.78,112529.582,9.513
002568.SZ,20240813,18.43,18.46,17.7,17.93,18.37,-0.44,-2.3952,88958.83,159698.789,9.023
300880.SZ,20240813,18.17,20.64,18.13,19.24,17.37,1.87,10.7657,216337.81,419753.761,1.5279
300725.SZ,20240813,29.6,30.21,29.0,30.16,29.72,0.44,1.4805,37948.0,112584.793,2.586
603112.SH,20240813,9.81,9.9,9.75,9.9,9.85,0.05,0.5076,7425.5,7306.426,1.075
920475.BJ,20240813,6.6,6.6,6.48,6.53,6.6,-0.07,-1.0606,3006.72,1960.397,6.8667
600725.SH,20240813,2.58,2.6,2.51,2.6,2.57,0.03,1.1673,147934.24,37961.861,8.235
600478.SH,20240813,3.52,3.57,3.45,3.57,3.52,0.05,1.4205,88582.0,31211.484,10.226
600739.SH,20240813,8.15,8.19,8.05,8.13,8.16,-0.03,-0.3676,70028.02,56835.717,32.1623
600218.SH,20240813,6.65,6.71,6.57,6.7,6.67,0.03,0.4498,26923.0,17921.753,2.124
603103.SH,20240813,12.59,12.59,12.19,12.34,12.53,-0.19,-1.5164,31565.0,38909.961,1.439
688646.SH,20240813,25.05,25.7,24.8,25.27,25.12,0.15,0.5971,2985.14,7495.671,1.01
002198.SZ,20240813,6.46,6.46,6.34,6.42,6.43,-0.01,-0.1555,21299.0,13580.805,5.118
001216.SZ,20240813,11.27,11.4,11.16,11.31,11.25,0.06,0.5333,10817.0,12159.933,1.056
603398.SH,20240813,13.0,13.0,12.01,12.4,13.16,-0.76,-5.7751,97349.66,120048.119,3.136
003009.SZ,20240813,38.7,39.71,38.7,39.48,38.97,0.51,1.3087,11187.0,43919.072,1.0066
000722.SZ,20240813,8.88,8.98,8.62,8.75,9.03,-0.28,-3.1008,108320.75,94375.155,4.006
603668.SH,20240813,11.15,12.03,11.1,11.95,11.15,0.8,7.1749,106224.48,124190.841,1.569
600439.SH,20240813,2.16,2.17,2.12,2.17,2.16,0.01,0.463,65608.4,14086.566,15.9198
688158.SH,20240813,9.29,9.39,9.18,9.36,9.27,0.09,0.9709,37272.39,34671.477,1.001
600302.SH,20240813,3.56,3.64,3.5,3.63,3.55,0.08,2.2535,34082.2,12206.349,3.007
920508.BJ,20240813,12.92,13.18,12.92,12.97,12.97,0.0,0.0,5815.41,7588.643,1.3101
300008.SZ,20240813,3.7,3.8,3.69,3.78,3.68,0.1,2.7174,338223.0,126966.991,11.498
601369.SH,20240813,7.68,7.77,7.67,7.76,7.71,0.05,0.6485,37329.0,28865.043,2.378
600579.SH,20240813,5.21,5.32,5.15,5.31,5.22,0.09,1.7241,65134.0,34278.318,1.883
688002.SH,20240813,25.6,26.14,25.48,26.06,25.52,0.54,2.116,32510.34,84200.367,1.0125
300876.SZ,20240813,15.06,15.34,14.84,15.32,15.06,0.26,1.7264,5760.0,8741.316,1.039
000881.SZ,20240813,6.23,6.25,6.1,6.24,6.25,-0.01,-0.16,64092.81,39581.472,5.007
301270.SZ,20240813,21.57,21.89,21.3,21.89,21.52,0.37,1.7193,7377.1,15983.745,1.023
002508.SZ,20240813,20.91,21.03,20.5,20.77,20.87,-0.1,-0.4792,30927.34,63902.498,7.379
600193.SH,20240813,3.42,3.47,3.4,3.44,3.42,0.02,0.5848,14333.0,4916.23,6.699
000638.SZ,20240813,3.6,3.6,3.47,3.56,3.55,0.01,0.2817,70379.65,24884.437,4.42
688562.SH,20240813,14.35,14.48,14.26,14.42,14.34,0.08,0.5579,9933.17,14266.245,1.0026
300333.SZ,20240813,4.41,4.44,4.3,4.41,4.4,0.01,0.2273,81111.0,35451.8,3.336
920748.BJ,20240813,13.75,13.89,13.56,13.61,13.75,-0.14,-1.0182,5441.38,7459.452,1.0067
002972.SZ,20240813,9.26,9.5,9.26,9.47,9.25,0.22,2.3784,30523.19,28737.267,1.555
600017.SH,20240813,2.8,2.84,2.79,2.82,2.8,0.02,0.7143,176941.0,49886.887,3.493
300376.SZ,20240813,2.51,2.52,2.43,2.47,2.51,-0.04,-1.5936,274429.72,67869.409,23.7989
002127.SZ,20240813,2.65,2.69,2.62,2.67,2.67,0.0,0.0,145852.4,38701.557,10.641
001313.SZ,20240813,6.6,6.67,6.51,6.66,6.59,0.07,1.0622,13715.0,9065.291,1.016
002628.SZ,20240813,2.05,2.08,2.0,2.07,2.03,0.04,1.9704,122365.0,25030.719,3.833
301356.SZ,20240813,12.05,12.05,11.77,11.93,11.96,-0.03,-0.2508,4875.52,5776.239,1.853
688798.SH,20240813,43.15,43.33,42.8,43.28,43.05,0.23,0.5343,8313.39,35820.776,1.406
603931.SH,20240813,18.55,18.87,18.55,18.87,18.61,0.26,1.3971,6451.88,12088.031,2.033
600895.SH,20240813,17.93,18.03,17.64,17.96,17.95,0.01,0.0557,140825.0,251286.531,20.9604
300522.SZ,20240813,9.37,9.56,9.28,9.56,9.37,0.19,2.0277,13712.1,12939.205,5.165
688161.SH,20240813,20.9,20.9,20.1,20.61,20.59,0.02,0.0971,9602.96,19571.374,1.0275
002091.SZ,20240813,6.3,6.39,6.27,6.38,6.3,0.08,1.2698,43426.0,27534.582,7.854
600861.SH,20240813,15.06,15.17,14.98,15.1,15.06,0.04,0.2656,23404.5,35213.295,2.4979
600976.SH,20240813,48.48,48.48,46.5,47.25,48.52,-1.27,-2.6175,17912.0,84421.741,3.121
000004.SZ,20240813,10.53,10.58,10.31,10.52,10.47,0.05,0.4776,34856.0,36339.934,4.064
920627.BJ,20240813,7.87,8.28,7.8,8.2,7.96,0.24,3.0151,12466.73,10095.011,2.2003
603229.SH,20240813,7.69,7.69,7.49,7.59,7.68,-0.09,-1.1719,65100.08,49280.833,4.7498
603178.SH,20240813,19.49,19.63,19.31,19.58,19.5,0.08,0.4103,22156.0,43151.546,1.057
603689.SH,20240813,8.95,9.05,8.9,9.04,8.94,0.1,1.1186,23372.0,21006.904,1.625
300451.SZ,20240813,3.21,3.24,3.15,3.24,3.22,0.02,0.6211,347563.44,110917.495,17.954
301026.SZ,20240813,22.79,23.19,22.6,23.1,22.68,0.42,1.8519,6796.0,15560.37,1.033
300865.SZ,20240813,14.43,17.16,14.2,17.16,14.3,2.86,20.0,72695.84,114756.682,1.018
300199.SZ,20240813,9.9,9.9,9.65,9.78,10.09,-0.31,-3.0723,245301.55,239188.301,8.33
603040.SH,20240813,18.35,18.41,18.08,18.3,18.35,-0.05,-0.2725,5009.0,9119.286,2.466
920522.BJ,20240813,11.81,11.87,11.61,11.87,11.77,0.1,0.8496,5147.73,6051.237,1.329
000719.SZ,20240813,10.08,10.17,10.01,10.15,10.09,0.06,0.5946,49709.0,50212.324,5.327
688633.SH,20240813,18.86,18.98,18.55,18.97,18.61,0.36,1.9344,1973.19,3711.024,2.055
603967.SH,20240813,8.68,8.74,8.59,8.73,8.66,0.07,0.8083,10169.3,8827.993,1.597
603839.SH,20240813,4.59,4.61,4.49,4.54,4.58,-0.04,-0.8734,19058.0,8630.902,1.892
688559.SH,20240813,33.31,33.5,31.7,31.9,32.49,-0.59,-1.8159,71442.54,232910.161,1.007
600191.SH,20240813,4.95,4.99,4.9,4.98,4.94,0.04,0.8097,10802.6,5357.559,2.555
002022.SZ,20240813,6.2,6.55,5.9,6.37,6.16,0.21,3.4091,385087.77,239791.98,13.093
002053.SZ,20240813,10.73,10.97,10.72,10.93,10.75,0.18,1.6744,35418.05,38402.999,2.21
603535.SH,20240813,14.75,14.8,14.56,14.73,14.75,-0.02,-0.1356,7959.0,11651.678,1.494
300340.SZ,20240813,6.51,6.69,6.4,6.67,6.49,0.18,2.7735,35923.4,23592.165,3.678
002375.SZ,20240813,3.24,3.32,3.23,3.32,3.26,0.06,1.8405,46227.0,15224.344,6.2142
600197.SH,20240813,16.48,16.49,16.3,16.44,16.45,-0.01,-0.0608,19280.0,31547.74,4.1362
688455.SH,20240813,8.25,8.27,8.12,8.27,8.19,0.08,0.9768,2879.06,2359.257,1.014
603787.SH,20240813,9.26,9.38,9.13,9.37,9.28,0.09,0.9698,11183.35,10377.456,1.095
002037.SZ,20240813,6.58,7.24,6.58,7.24,6.58,0.66,10.0304,313390.99,219136.571,4.177
001269.SZ,20240813,28.28,29.5,27.43,29.49,28.19,1.3,4.6116,70302.0,200201.44,1.461
688175.SH,20240813,13.37,13.38,13.1,13.38,13.29,0.09,0.6772,5517.65,7314.372,1.447
603608.SH,20240813,2.59,2.74,2.57,2.72,2.61,0.11,4.2146,31746.81,8553.522,1.594
688628.SH,20240813,29.58,30.27,29.35,29.98,29.61,0.37,1.2496,10973.57,32661.11,1.0608
603595.SH,20240813,16.04,16.3,15.85,16.2,16.03,0.17,1.0605,16023.36,25754.65,1.974
920493.BJ,20240813,38.25,38.39,37.5,37.8,38.29,-0.49,-1.2797,1438.31,5452.223,1.0
605388.SH,20240813,5.2,5.26,5.17,5.24,5.25,-0.01,-0.1905,23684.6,12335.978,1.461
002254.SZ,20240813,8.25,8.3,8.16,8.29,8.22,0.07,0.8516,39450.39,32493.154,6.402
000598.SZ,20240813,7.88,7.96,7.84,7.9,7.93,-0.03,-0.3783,106444.5,84102.914,27.338
002115.SZ,20240813,4.27,4.29,4.2,4.28,4.25,0.03,0.7059,115149.07,48911.923,6.24
601212.SH,20240813,2.66,2.67,2.62,2.65,2.64,0.01,0.3788,215609.0,56959.87,1.004
603895.SH,20240813,15.86,16.88,15.75,16.88,15.98,0.9,5.632,12328.2,20329.367,1.412
605089.SH,20240813,18.74,18.91,18.48,18.69,18.72,-0.03,-0.1603,5373.56,10014.83,1.465
600530.SH,20240813,2.59,2.64,2.55,2.63,2.59,0.04,1.5444,71051.0,18510.045,6.396
300982.SZ,20240813,16.41,16.98,16.38,16.94,16.61,0.33,1.9868,22939.09,38333.786,1.2499
002811.SZ,20240813,6.99,7.16,6.9,7.16,7.0,0.16,2.2857,41510.5,29290.921,1.804
002136.SZ,20240813,8.97,9.1,8.88,9.04,8.97,0.07,0.7804,8386.0,7537.731,2.175
002290.SZ,20240813,10.9,11.03,10.49,10.88,10.99,-0.11,-1.0009,28863.0,30914.642,2.657
603818.SH,20240813,2.42,2.45,2.36,2.43,2.42,0.01,0.4132,68101.0,16412.717,2.034
603861.SH,20240813,7.63,7.74,7.57,7.73,7.67,0.06,0.7823,16923.0,12995.857,1.0634
688381.SH,20240813,17.69,18.1,17.69,18.1,17.82,0.28,1.5713,11785.0,21130.034,1.014
300575.SZ,20240813,5.9,5.94,5.79,5.87,5.85,0.02,0.3419,15421.0,9049.59,6.677
688767.SH,20240813,25.45,25.8,25.44,25.73,25.66,0.07,0.2728,3556.39,9129.449,1.154
300455.SZ,20240813,11.46,11.64,11.41,11.58,11.44,0.14,1.2238,156890.97,180854.974,3.7554
603919.SH,20240813,18.55,18.8,18.35,18.52,18.63,-0.11,-0.5904,16641.14,30751.266,1.857
300113.SZ,20240813,9.82,9.92,9.73,9.88,9.84,0.04,0.4065,47737.0,46851.073,11.819
688362.SH,20240813,17.95,18.09,17.79,18.02,17.87,0.15,0.8394,22464.03,40257.886,1.003
601995.SH,20240813,28.28,28.71,28.19,28.68,28.2,0.48,1.7021,83271.17,236782.421,1.015
002192.SZ,20240813,29.95,31.15,29.31,30.71,29.74,0.97,3.2616,97334.68,294871.183,3.118
002719.SZ,20240813,6.07,6.07,5.93,6.04,6.02,0.02,0.3322,26300.0,15798.555,1.627
000545.SZ,20240813,1.75,1.79,1.72,1.78,1.76,0.02,1.1364,96275.6,16959.004,4.56
603880.SH,20240813,3.62,3.66,3.56,3.65,3.61,0.04,1.108,30805.9,11103.707,2.961
000993.SZ,20240813,8.39,8.39,8.26,8.35,8.43,-0.08,-0.949,36528.01,30406.766,1.855
600162.SH,20240813,1.33,1.34,1.31,1.34,1.33,0.01,0.7519,88161.0,11702.696,9.812
688018.SH,20240813,103.08,105.23,103.0,104.51,103.5,1.01,0.9758,8427.91,87588.587,1.435
600822.SH,20240813,7.67,7.8,7.67,7.79,7.7,0.09,1.1688,30239.0,23395.522,2.728
002957.SZ,20240813,11.95,12.0,11.77,12.0,11.9,0.1,0.8403,16559.0,19690.988,1.044
603363.SH,20240813,3.66,3.77,3.65,3.75,3.68,0.07,1.9022,111490.09,41434.251,1.329
600361.SH,20240813,3.79,3.97,3.71,3.85,3.81,0.04,1.0499,421526.01,160613.985,5.6541
300421.SZ,20240813,8.3,8.38,8.2,8.36,8.27,0.09,1.0883,33360.2,27716.865,2.664
002660.SZ,20240813,6.74,6.83,6.69,6.83,6.73,0.1,1.4859,25355.0,17187.825,2.712
603357.SH,20240813,8.39,8.52,8.36,8.5,8.4,0.1,1.1905,60382.8,51086.496,2.0591
300675.SZ,20240813,12.23,13.09,12.23,12.48,13.45,-0.97,-7.2119,224906.97,281040.934,1.034
603520.SH,20240813,9.3,9.33,9.17,9.28,9.33,-0.05,-0.5359,26942.13,24919.165,2.982
600050.SH,20240813,4.46,4.49,4.45,4.47,4.46,0.01,0.2242,967330.76,432311.615,1.7532
300766.SZ,20240813,8.95,9.03,8.77,8.99,8.91,0.08,0.8979,52894.0,47117.274,1.013
301093.SZ,20240813,19.2,19.2,18.78,18.99,19.16,-0.17,-0.8873,6566.67,12421.047,1.0608
000619.SZ,20240813,3.97,4.02,3.93,4.02,3.99,0.03,0.7519,26220.0,10404.1,9.341
300473.SZ,20240813,14.98,15.9,14.55,15.6,15.0,0.6,4.0,83743.55,127711.569,1.058
000514.SZ,20240813,3.27,3.3,3.15,3.23,3.28,-0.05,-1.5244,214516.84,68778.0,4.42
300105.SZ,20240813,5.61,5.72,5.59,5.71,5.63,0.08,1.421,56292.01,31867.406,6.687
600533.SH,20240813,1.83,1.84,1.78,1.83,1.82,0.01,0.5495,69449.35,12566.314,9.935
688526.SH,20240813,13.77,13.83,13.63,13.79,13.79,0.0,0.0,5603.81,7691.825,1.049
603681.SH,20240813,10.95,11.0,10.78,10.93,10.89,0.04,0.3673,13248.44,14404.58,1.0608
688456.SH,20240813,28.97,28.97,27.8,28.16,28.33,-0.17,-0.6001,5097.35,14342.695,1.0296
600292.SH,20240813,4.9,5.05,4.87,5.04,4.92,0.12,2.439,83574.0,41669.304,4.298
688293.SH,20240813,31.01,32.0,31.01,31.72,31.62,0.1,0.3163,3171.01,9974.934,1.425
002217.SZ,20240813,1.23,1.27,1.21,1.23,1.25,-0.02,-1.6,581262.24,72141.3,5.723
000538.SZ,20240813,53.84,54.05,53.58,53.98,53.85,0.13,0.2414,70827.54,381278.397,28.685
000759.SZ,20240813,2.93,2.96,2.88,2.94,2.93,0.01,0.3413,155936.0,45554.632,7.071
301323.SZ,20240813,27.7,28.0,27.0,27.55,28.34,-0.79,-2.7876,11726.74,32285.915,1.013
300896.SZ,20240813,169.5,170.19,167.48,169.7,169.37,0.33,0.1948,14268.15,240620.068,2.586
603300.SH,20240813,4.69,4.72,4.6,4.72,4.68,0.04,0.8547,98539.52,45708.913,5.5933
688003.SH,20240813,31.4,31.76,31.2,31.72,31.46,0.26,0.8264,2575.52,8099.966,1.068
603898.SH,20240813,7.51,7.53,7.39,7.52,7.54,-0.02,-0.2653,10858.0,8105.1,3.594
002485.SZ,20240813,2.78,2.86,2.78,2.85,2.8,0.05,1.7857,2125.0,599.606,2.958
688480.SH,20240813,25.64,26.16,25.31,26.05,25.64,0.41,1.5991,4324.62,11178.999,1.0373
301133.SZ,20240813,21.25,21.48,20.82,21.48,20.98,0.5,2.3832,11383.0,24135.515,1.0155
688599.SH,20240813,17.21,17.39,16.77,17.19,17.34,-0.15,-0.8651,154614.67,263040.545,1.065
688433.SH,20240813,16.2,16.73,16.2,16.66,16.53,0.13,0.7864,4740.73,7848.83,1.0052
600422.SH,20240813,15.32,15.52,15.08,15.38,15.44,-0.06,-0.3886,86829.0,132375.313,10.7725
600894.SH,20240813,11.18,11.6,10.97,11.07,11.3,-0.23,-2.0354,98797.0,110458.188,3.978
002387.SZ,20240813,5.77,6.01,5.75,5.9,5.84,0.06,1.0274,161317.78,95212.25,3.558
688517.SH,20240813,12.31,12.53,12.29,12.46,12.39,0.07,0.565,10961.22,13590.972,1.087
300049.SZ,20240813,45.37,45.37,44.5,45.0,45.25,-0.25,-0.5525,14860.0,66437.429,3.637
300152.SZ,20240813,1.85,2.0,1.8,1.94,1.89,0.05,2.6455,562284.23,107146.624,6.887
300661.SZ,20240813,71.93,72.68,70.3,71.08,71.65,-0.57,-0.7955,12207.56,87010.293,7.533
300203.SZ,20240813,11.7,11.79,11.45,11.64,11.68,-0.04,-0.3425,43494.35,50406.439,1.055
002034.SZ,20240813,13.63,14.0,13.51,13.89,13.79,0.1,0.7252,37119.37,51305.512,3.753
600032.SH,20240813,7.04,7.11,6.97,7.08,7.05,0.03,0.4255,38531.52,27149.564,1.0179
002858.SZ,20240813,9.92,9.98,9.71,9.93,9.86,0.07,0.7099,26135.0,25724.5,2.012
301298.SZ,20240813,12.1,12.27,12.0,12.24,12.05,0.19,1.5768,9114.0,11046.74,1.046
300191.SZ,20240813,13.35,13.95,13.25,13.43,13.14,0.29,2.207,56088.51,75904.848,4.098
002276.SZ,20240813,6.47,6.57,6.44,6.56,6.5,0.06,0.9231,67155.94,43719.023,3.86
601899.SH,20240813,15.66,15.73,15.3,15.54,15.36,0.18,1.1719,1412878.59,2191712.922,2.129
688190.SH,20240813,61.33,62.39,61.1,61.84,61.88,-0.04,-0.0646,1109.38,6842.934,1.024
002287.SZ,20240813,20.32,20.35,19.74,20.29,20.32,-0.03,-0.1476,9818.0,19812.55,1.635
603886.SH,20240813,14.41,14.41,14.26,14.34,14.38,-0.04,-0.2782,6170.99,8828.857,1.43
688776.SH,20240813,43.66,44.78,43.66,44.49,44.48,0.01,0.0225,7371.12,32540.119,1.41
301005.SZ,20240813,25.19,25.99,25.1,25.97,24.99,0.98,3.9216,53867.0,137774.065,2.412
605099.SH,20240813,17.47,17.69,17.27,17.68,17.47,0.21,1.2021,5336.0,9352.569,1.081
301100.SZ,20240813,12.78,13.13,12.68,13.06,13.02,0.04,0.3072,14021.0,18082.819,1.0547
600256.SH,20240813,6.09,6.15,6.05,6.1,6.09,0.01,0.1642,282816.68,171981.186,54.7793
920371.BJ,20240813,4.22,4.25,4.17,4.23,4.24,-0.01,-0.2358,4173.36,1750.906,1.0532
002605.SZ,20240813,18.61,18.79,18.23,18.53,18.56,-0.03,-0.1616,53581.0,98522.979,4.833
002768.SZ,20240813,18.09,18.18,17.87,18.18,18.04,0.14,0.7761,8127.0,14667.689,3.185
600348.SH,20240813,7.31,7.33,7.15,7.27,7.29,-0.02,-0.2743,224750.01,162122.069,17.2612
601515.SH,20240813,2.65,2.69,2.62,2.66,2.66,0.0,0.0,69673.4,18478.691,4.3229
688128.SH,20240813,16.06,16.29,16.03,16.24,16.11,0.13,0.807,7785.42,12555.086,1.092
920006.BJ,20240813,10.92,11.15,10.85,11.08,10.94,0.14,1.2797,9260.49,10220.679,1.1134
603320.SH,20240813,13.06,13.3,13.01,13.3,13.1,0.2,1.5267,21274.0,28032.026,1.383
003019.SZ,20240813,20.88,21.32,20.74,21.2,20.96,0.24,1.145,20790.11,43770.033,1.445
301353.SZ,20240813,24.73,25.11,24.67,24.93,24.88,0.05,0.201,3124.78,7775.416,1.012
920300.BJ,20240813,7.76,7.78,7.3,7.39,7.76,-0.37,-4.768,10827.96,8074.042,2.01
603980.SH,20240813,3.42,3.47,3.38,3.46,3.42,0.04,1.1696,24003.0,8247.301,1.715
000975.SZ,20240813,17.7,17.86,17.27,17.47,17.31,0.16,0.9243,186843.59,328075.935,10.8
600737.SH,20240813,8.81,8.85,8.66,8.75,8.81,-0.06,-0.681,163010.4,142656.76,13.3083
603279.SH,20240813,18.35,18.45,17.82,18.17,18.54,-0.37,-1.9957,24293.19,43922.909,1.698
300747.SZ,20240813,15.96,16.15,15.8,16.14,15.96,0.18,1.1278,37109.47,59405.109,4.4606
000868.SZ,20240813,4.76,5.13,4.74,5.06,4.83,0.23,4.7619,664088.34,327854.7,6.73
300720.SZ,20240813,11.3,11.41,11.19,11.41,11.33,0.08,0.7061,7613.0,8623.963,2.934
000592.SZ,20240813,1.38,1.41,1.38,1.41,1.4,0.01,0.7143,141376.78,19774.457,6.375
300688.SZ,20240813,22.99,23.26,22.86,23.17,23.05,0.12,0.5206,13287.42,30681.995,2.132
600136.SH,20240813,1.47,1.47,1.47,1.47,1.4,0.07,5.0,47470.0,6978.09,2.492
301122.SZ,20240813,19.2,19.81,18.6,19.43,18.92,0.51,2.6956,41703.92,80000.474,1.347
002761.SZ,20240813,7.72,7.76,7.51,7.74,7.71,0.03,0.3891,165743.56,126413.542,3.1196
603170.SH,20240813,11.45,11.49,11.25,11.39,11.44,-0.05,-0.4371,8823.46,9988.054,1.04
600552.SH,20240813,9.81,10.05,9.67,9.84,9.96,-0.12,-1.2048,431701.55,423669.452,8.4208
002392.SZ,20240813,3.08,3.13,3.07,3.13,3.08,0.05,1.6234,61154.0,19007.29,8.63
002201.SZ,20240813,4.33,4.4,4.29,4.36,4.36,0.0,0.0,37513.47,16287.606,7.379
300148.SZ,20240813,2.4,2.44,2.35,2.44,2.41,0.03,1.2448,170350.29,40887.987,5.894
601878.SH,20240813,10.92,11.24,10.9,11.24,10.96,0.28,2.5547,370163.21,409085.202,1.0866
002840.SZ,20240813,13.56,14.31,13.42,13.61,13.48,0.13,0.9644,121115.76,167021.464,2.433
300516.SZ,20240813,28.5,29.49,28.48,29.3,28.35,0.95,3.351,24711.5,71960.444,1.555
300831.SZ,20240813,10.26,10.38,10.15,10.37,10.25,0.12,1.1707,21389.0,22041.067,1.008
603628.SH,20240813,13.2,14.19,12.76,13.81,13.5,0.31,2.2963,276361.0,369517.917,1.031
300672.SZ,20240813,49.84,51.51,49.84,51.16,49.85,1.31,2.6279,39818.0,201884.137,1.631
603386.SH,20240813,10.74,11.04,10.72,10.92,10.76,0.16,1.487,53881.8,58740.358,1.52
600753.SH,20240813,5.27,5.39,5.14,5.32,5.37,-0.05,-0.9311,84424.0,44382.466,3.774
000537.SZ,20240813,8.6,8.65,8.5,8.58,8.61,-0.03,-0.3484,42606.0,36428.657,6.75
600833.SH,20240813,11.25,11.36,11.1,11.2,11.26,-0.06,-0.5329,15739.0,17662.783,7.702
300895.SZ,20240813,24.3,24.63,24.08,24.53,24.17,0.36,1.4894,10879.26,26572.966,1.457
601628.SH,20240813,29.6,29.74,29.34,29.68,29.49,0.19,0.6443,63422.0,187520.19,1.3171
000506.SZ,20240813,1.32,1.39,1.32,1.39,1.32,0.07,5.303,882784.4,121360.458,2.872
920195.BJ,20240813,7.29,7.3,7.14,7.27,7.28,-0.01,-0.1374,3833.99,2764.49,1.0657
000652.SZ,20240813,3.14,3.17,3.12,3.15,3.16,-0.01,-0.3165,69995.2,21993.198,28.0896
000919.SZ,20240813,6.71,6.76,6.66,6.75,6.73,0.02,0.2972,40895.0,27464.808,3.899
002040.SZ,20240813,5.49,5.55,5.49,5.55,5.52,0.03,0.5435,15487.2,8563.42,3.1364
601568.SH,20240813,3.96,3.99,3.94,3.99,3.97,0.02,0.5038,62179.8,24687.395,1.353
000637.SZ,20240813,3.18,3.24,3.16,3.24,3.18,0.06,1.8868,22526.0,7243.012,17.272
603696.SH,20240813,6.76,6.81,6.58,6.65,6.76,-0.11,-1.6272,43488.0,28940.186,2.332
603093.SH,20240813,8.97,9.09,8.84,9.08,8.98,0.1,1.1136,26252.0,23567.024,1.019
000955.SZ,20240813,2.98,3.01,2.91,2.97,2.97,0.0,0.0,58816.0,17408.732,2.46
600475.SH,20240813,8.67,8.81,8.62,8.8,8.72,0.08,0.9174,48173.75,42129.43,5.046
300539.SZ,20240813,7.34,7.45,7.22,7.44,7.3,0.14,1.9178,14527.67,10661.236,2.313
605500.SH,20240813,6.32,6.32,6.2,6.28,6.29,-0.01,-0.159,9216.76,5771.488,2.2552
000750.SZ,20240813,3.0,3.05,2.98,3.04,3.01,0.03,0.9967,443815.64,134149.954,13.333
300531.SZ,20240813,9.68,9.85,9.55,9.85,9.7,0.15,1.5464,34603.0,33580.27,3.571
000807.SZ,20240813,11.7,11.82,11.54,11.67,11.69,-0.02,-0.1711,170351.0,198035.547,7.083
000513.SZ,20240813,37.27,37.5,37.1,37.41,37.4,0.01,0.0267,29583.72,110222.773,9.7106
920662.BJ,20240813,9.08,9.09,8.84,9.08,9.17,-0.09,-0.9815,4776.81,4273.633,13.8312
300771.SZ,20240813,8.63,8.84,8.59,8.81,8.65,0.16,1.8497,43766.9,38275.321,2.609
688548.SH,20240813,7.53,7.56,7.43,7.54,7.51,0.03,0.3995,22335.88,16778.517,1.008
688275.SH,20240813,25.97,26.66,25.81,26.37,26.04,0.33,1.2673,5989.55,15712.202,1.517
002154.SZ,20240813,3.98,4.02,3.95,4.0,3.99,0.01,0.2506,157505.36,62795.235,14.784
300612.SZ,20240813,12.7,12.83,12.5,12.81,12.7,0.11,0.8661,14957.0,18969.734,2.289
000936.SZ,20240813,5.37,5.4,5.31,5.38,5.37,0.01,0.1862,75883.1,40623.714,6.6755
000980.SZ,20240813,1.57,1.65,1.57,1.61,1.55,0.06,3.871,1757390.13,282428.52,2.078
920982.BJ,20240813,176.19,176.19,174.1,176.0,175.77,0.23,0.1309,1748.3,30694.101,3.248
000819.SZ,20240813,15.53,16.2,15.43,16.0,15.7,0.3,1.9108,37764.94,59559.696,8.446
000058.SZ,20240813,5.4,5.43,5.32,5.42,5.4,0.02,0.3704,39689.95,21371.362,3.307
002250.SZ,20240813,4.94,4.99,4.87,4.99,4.96,0.03,0.6048,58339.0,28774.504,6.1328
600320.SH,20240813,3.81,3.85,3.79,3.85,3.81,0.04,1.0499,204929.88,78239.144,13.9919
002175.SZ,20240813,1.88,1.9,1.81,1.87,1.99,-0.12,-6.0302,725515.53,134551.18,6.466
301338.SZ,20240813,28.59,29.26,28.51,29.08,28.41,0.67,2.3583,10480.01,30350.671,1.421
920961.BJ,20240813,9.19,9.21,9.04,9.16,9.11,0.05,0.5488,6609.15,6031.499,6.8453
688273.SH,20240813,19.73,19.97,19.42,19.61,19.73,-0.12,-0.6082,3002.11,5863.144,1.067
605011.SH,20240813,20.52,20.72,20.03,20.55,20.53,0.02,0.0974,32052.0,65266.285,1.028
688171.SH,20240813,13.27,13.34,13.06,13.32,13.31,0.01,0.0751,6853.67,9067.397,1.021
300798.SZ,20240813,5.35,5.51,5.26,5.48,5.35,0.13,2.4299,35799.0,19361.924,1.0163
002423.SZ,20240813,7.91,8.05,7.87,8.04,7.93,0.11,1.3871,155914.51,124425.676,1.0841
600989.SH,20240813,15.25,15.46,14.99,15.35,15.25,0.1,0.6557,253356.0,386324.942,1.1467
300731.SZ,20240813,13.72,14.09,13.65,14.04,13.72,0.32,2.3324,15503.0,21508.771,1.436
301110.SZ,20240813,26.26,26.59,26.09,26.35,26.35,0.0,0.0,2951.4,7758.667,1.45
920077.BJ,20240813,8.98,9.06,8.96,9.02,8.99,0.03,0.3337,4287.76,3862.233,1.7284
603076.SH,20240813,19.71,19.9,19.36,19.9,19.71,0.19,0.964,3092.0,6091.368,1.439
600156.SH,20240813,3.11,3.16,3.08,3.14,3.14,0.0,0.0,37789.97,11760.874,1.897
002576.SZ,20240813,12.03,12.07,11.65,11.91,12.08,-0.17,-1.4073,43836.01,51956.465,1.384
600231.SH,20240813,1.4,1.44,1.39,1.43,1.4,0.03,2.1429,87736.8,12483.457,9.23
300813.SZ,20240813,16.96,17.26,16.51,16.94,17.2,-0.26,-1.5116,16284.4,27407.539,2.146
301318.SZ,20240813,25.35,26.28,25.3,26.19,25.35,0.84,3.3136,16795.6,43541.778,1.989
600789.SH,20240813,7.76,7.89,7.58,7.69,7.84,-0.15,-1.9133,1036688.11,799669.809,2.887
600933.SH,20240813,12.65,12.8,12.48,12.64,12.76,-0.12,-0.9404,38365.06,48278.073,1.1379
603598.SH,20240813,11.93,11.98,11.59,11.79,11.91,-0.12,-1.0076,61247.0,71754.941,2.013
000301.SZ,20240813,7.6,7.7,7.5,7.64,7.63,0.01,0.1311,65085.0,49429.509,2.379
600316.SH,20240813,20.08,20.68,19.65,20.5,20.13,0.37,1.8381,245074.24,497227.907,4.397
000025.SZ,20240813,13.72,13.93,13.63,13.81,13.82,-0.01,-0.0724,20259.9,27898.992,2.753
000403.SZ,20240813,25.0,25.38,24.81,25.19,25.07,0.12,0.4787,40486.33,101197.189,7.6918
688563.SH,20240813,49.3,49.76,48.77,49.18,49.2,-0.02,-0.0407,5150.31,25304.938,1.008
300130.SZ,20240813,14.48,14.65,14.38,14.62,14.49,0.13,0.8972,59171.12,85855.307,7.403
300149.SZ,20240813,5.65,5.79,5.13,5.28,5.57,-0.29,-5.2065,470876.61,251700.135,6.558
300898.SZ,20240813,16.9,17.05,16.65,16.87,16.86,0.01,0.0593,14492.0,24342.389,1.05
688216.SH,20240813,15.5,15.83,15.44,15.83,15.52,0.31,1.9974,10616.46,16588.244,1.018
688078.SH,20240813,20.52,21.0,20.35,20.89,20.59,0.3,1.457,2838.87,5868.842,1.043
603758.SH,20240813,6.98,7.02,6.9,7.02,6.96,0.06,0.8621,15526.0,10808.13,1.273
002334.SZ,20240813,5.75,5.82,5.72,5.81,5.81,0.0,0.0,60718.0,35077.511,12.064
300697.SZ,20240813,9.65,9.79,9.55,9.79,9.65,0.14,1.4508,22294.8,21594.126,2.328
600206.SH,20240813,8.75,8.85,8.7,8.84,8.75,0.09,1.0286,38579.0,33861.291,4.311
600691.SH,20240813,1.55,1.57,1.5,1.57,1.54,0.03,1.9481,148061.52,22887.825,9.458
301189.SZ,20240813,20.31,20.88,20.31,20.86,20.47,0.39,1.9052,7626.31,15741.003,1.016
300428.SZ,20240813,16.13,16.43,16.12,16.31,16.21,0.1,0.6169,19898.7,32286.418,3.883
000766.SZ,20240813,14.2,14.29,13.95,14.14,14.3,-0.16,-1.1189,84988.96,119538.457,3.268
601996.SH,20240813,1.75,1.76,1.72,1.75,1.75,0.0,0.0,49665.0,8659.944,4.959
000898.SZ,20240813,2.13,2.15,2.12,2.14,2.13,0.01,0.4695,137948.95,29485.086,3.297
301155.SZ,20240813,38.49,40.24,38.2,39.85,38.58,1.27,3.2919,25847.0,102010.344,1.015
603612.SH,20240813,10.9,11.07,10.8,11.05,10.95,0.1,0.9132,28959.0,31688.098,1.589
000932.SZ,20240813,4.43,4.46,4.41,4.45,4.42,0.03,0.6787,415283.96,184129.039,2.579
688403.SH,20240813,7.12,7.15,7.06,7.15,7.09,0.06,0.8463,37058.3,26330.952,1.012
603119.SH,20240813,14.28,14.59,14.19,14.55,14.33,0.22,1.5352,9578.69,13803.954,1.31
301132.SZ,20240813,24.4,25.58,24.38,25.03,24.36,0.67,2.7504,44986.0,112110.466,1.033
300045.SZ,20240813,16.64,16.85,16.51,16.85,16.55,0.3,1.8127,127704.02,213043.171,8.199
300001.SZ,20240813,18.99,19.15,18.92,19.1,19.02,0.08,0.4206,50819.0,96756.274,6.992
002559.SZ,20240813,7.14,7.19,7.07,7.17,7.14,0.03,0.4202,86309.5,61513.917,7.515
688092.SH,20240813,18.2,18.41,18.06,18.41,18.15,0.26,1.4325,4843.61,8832.848,1.456
688147.SH,20240813,23.18,23.24,22.55,23.22,23.1,0.12,0.5195,13355.23,30606.357,1.003
000825.SZ,20240813,3.5,3.53,3.48,3.53,3.51,0.02,0.5698,131190.6,46061.323,8.159
603900.SH,20240813,6.15,6.43,5.9,6.12,6.02,0.1,1.6611,528537.32,327181.62,1.6843
001229.SZ,20240813,24.85,25.29,23.95,24.59,24.26,0.33,1.3603,18458.0,45053.874,1.0324
300706.SZ,20240813,17.63,18.02,17.63,17.91,17.63,0.28,1.5882,12847.0,22929.15,1.8108
300035.SZ,20240813,8.15,8.18,8.05,8.15,8.15,0.0,0.0,62683.7,50753.569,8.716
600177.SH,20240813,7.43,7.54,7.42,7.5,7.43,0.07,0.9421,177673.51,133218.995,50.201
600537.SH,20240813,2.42,2.52,2.37,2.47,2.43,0.04,1.6461,283897.0,69340.383,4.435
688084.SH,20240813,41.34,42.12,41.0,41.8,41.38,0.42,1.015,4830.26,20078.293,1.008
002555.SZ,20240813,13.14,13.19,12.98,13.17,13.16,0.01,0.076,234462.25,306802.591,13.587
000608.SZ,20240813,1.49,1.51,1.45,1.49,1.49,0.0,0.0,135006.0,19962.139,11.125
301169.SZ,20240813,28.1,28.44,27.7,28.31,27.99,0.32,1.1433,9422.86,26457.242,1.008
002910.SZ,20240813,6.23,6.29,6.12,6.25,6.24,0.01,0.1603,12104.0,7489.671,1.025
920580.BJ,20240813,5.81,5.86,5.74,5.78,5.86,-0.08,-1.3652,5869.39,3400.455,1.311
301198.SZ,20240813,7.93,8.2,7.8,8.2,7.97,0.23,2.8858,65799.0,53055.634,1.745
002911.SZ,20240813,10.3,10.4,10.23,10.29,10.26,0.03,0.2924,24019.87,24761.615,2.763
601328.SH,20240813,7.37,7.52,7.36,7.45,7.37,0.08,1.0855,954104.33,711553.692,2.5299
300047.SZ,20240813,6.21,6.29,6.18,6.27,6.2,0.07,1.129,73304.0,45720.978,5.251
002083.SZ,20240813,4.6,4.66,4.56,4.61,4.62,-0.01,-0.2165,59314.01,27220.454,2.719
605018.SH,20240813,7.7,7.77,7.63,7.77,7.69,0.08,1.0403,8852.05,6819.279,1.078
300133.SZ,20240813,5.3,5.35,5.21,5.34,5.31,0.03,0.565,396636.0,209278.582,25.789
688566.SH,20240813,21.37,21.52,21.1,21.48,21.55,-0.07,-0.3248,5887.13,12529.813,1.0748
600217.SH,20240813,4.48,4.51,4.35,4.51,4.44,0.07,1.5766,106675.92,47301.045,4.527
000957.SZ,20240813,10.67,10.76,10.37,10.74,10.68,0.06,0.5618,403032.58,424918.623,5.128
300749.SZ,20240813,5.22,5.26,5.07,5.25,5.18,0.07,1.3514,22270.0,11547.453,1.875
002416.SZ,20240813,8.97,9.09,8.82,9.07,9.01,0.06,0.6659,167073.43,149639.967,3.417
002310.SZ,20240813,1.29,1.3,1.24,1.29,1.3,-0.01,-0.7692,409755.29,52176.477,46.53
300834.SZ,20240813,18.38,18.49,17.97,18.18,18.5,-0.32,-1.7297,16383.49,29679.683,1.085
603660.SH,20240813,4.8,4.85,4.72,4.85,4.8,0.05,1.0417,102964.0,49363.379,2.015
300044.SZ,20240813,4.12,4.21,4.12,4.2,4.14,0.06,1.4493,213265.0,89012.561,7.624
002062.SZ,20240813,3.52,3.57,3.49,3.56,3.53,0.03,0.8499,36046.8,12765.374,10.46
002596.SZ,20240813,1.41,1.56,1.39,1.54,1.42,0.12,8.4507,527738.4,79884.961,4.968
603517.SH,20240813,15.22,15.22,14.86,15.02,15.22,-0.2,-1.3141,62593.41,93735.942,1.536
688167.SH,20240813,47.95,47.97,47.03,47.83,47.58,0.25,0.5254,8264.17,39185.761,1.009
688586.SH,20240813,9.19,9.38,9.19,9.33,9.18,0.15,1.634,38201.58,35459.24,2.04
300778.SZ,20240813,9.86,10.07,9.58,10.0,9.73,0.27,2.7749,54930.85,54216.638,2.279
920799.BJ,20240813,9.47,9.64,9.37,9.6,9.4,0.2,2.1277,18090.38,17238.942,3.1052
601128.SH,20240813,6.64,6.71,6.55,6.68,6.59,0.09,1.3657,276674.05,183971.112,1.361
300694.SZ,20240813,8.32,8.46,8.24,8.44,8.29,0.15,1.8094,19385.0,16237.448,1.023
688693.SH,20240813,28.88,29.5,27.77,28.32,28.79,-0.47,-1.6325,21750.0,61941.621,1.003
000333.SZ,20240813,61.38,62.11,60.92,61.36,61.38,-0.02,-0.0326,98350.74,602892.3,5.347
600477.SH,20240813,2.27,2.31,2.24,2.3,2.27,0.03,1.3216,110603.58,25200.966,33.211
688489.SH,20240813,23.19,23.29,22.83,23.21,23.16,0.05,0.2159,2310.7,5324.288,1.497
300296.SZ,20240813,4.17,4.24,4.16,4.22,4.18,0.04,0.9569,121965.0,51142.049,19.43
300475.SZ,20240813,25.5,25.75,25.17,25.66,25.41,0.25,0.9839,57881.6,147140.356,2.2794
601766.SH,20240813,7.55,7.67,7.55,7.66,7.56,0.1,1.3228,607223.71,462905.367,1.367
600289.SH,20240813,1.25,1.27,1.24,1.25,1.25,0.0,0.0,14493.0,1815.563,7.365
688298.SH,20240813,30.1,30.67,29.83,30.65,30.12,0.53,1.7596,15739.12,47699.826,1.854
600377.SH,20240813,13.34,13.48,13.23,13.38,13.34,0.04,0.2999,39657.26,53009.034,3.5158
002823.SZ,20240813,12.35,12.55,12.3,12.52,12.4,0.12,0.9677,83159.84,103473.352,2.131
603823.SH,20240813,9.17,9.41,9.11,9.41,9.19,0.22,2.3939,30238.52,28038.563,2.03
601838.SH,20240813,14.13,14.3,14.09,14.19,14.09,0.1,0.7097,104917.73,149161.111,1.3536
000039.SZ,20240813,7.41,7.48,7.3,7.4,7.41,-0.01,-0.135,128198.5,94554.866,50.774
920821.BJ,20240813,26.89,28.27,25.2,25.22,25.99,-0.77,-2.9627,85325.63,227408.057,2.9417
688660.SH,20240813,3.04,3.11,3.0,3.09,3.03,0.06,1.9802,39468.94,12093.491,1.012
603236.SH,20240813,41.62,42.65,41.62,42.45,41.62,0.83,1.9942,31527.44,133053.668,2.903
300011.SZ,20240813,5.2,5.26,5.14,5.25,5.19,0.06,1.1561,73127.6,38061.046,8.409
600760.SH,20240813,40.43,41.3,40.43,41.25,40.43,0.82,2.0282,70110.45,287016.07,9.921
603048.SH,20240813,13.18,13.25,12.93,13.21,13.05,0.16,1.2261,7598.0,9965.207,1.0476
000790.SZ,20240813,3.64,3.64,3.56,3.6,3.64,-0.04,-1.0989,67838.28,24354.76,12.3632
300546.SZ,20240813,10.77,11.05,10.66,11.04,10.83,0.21,1.9391,41637.8,45266.906,3.332
002344.SZ,20240813,3.15,3.18,3.13,3.16,3.16,0.0,0.0,37420.0,11790.313,4.5305
688568.SH,20240813,29.6,30.05,29.36,29.74,29.61,0.13,0.439,18302.58,54269.644,2.2489
002923.SZ,20240813,9.5,9.53,9.03,9.16,9.67,-0.51,-5.274,49014.83,45169.32,3.761
301348.SZ,20240813,21.84,22.81,21.84,22.67,22.98,-0.31,-1.349,94894.02,211338.118,1.0
300053.SZ,20240813,10.85,10.98,10.57,10.8,10.89,-0.09,-0.8264,403131.0,432604.202,5.123
920786.BJ,20240813,4.52,4.91,4.44,4.75,4.5,0.25,5.5556,68433.9,32254.95,2.3814
603132.SH,20240813,11.44,11.54,11.36,11.51,11.42,0.09,0.7881,14380.08,16434.645,1.084
300550.SZ,20240813,10.78,10.91,10.53,10.9,10.77,0.13,1.2071,29428.9,31691.539,2.783
600569.SH,20240813,1.43,1.44,1.42,1.43,1.42,0.01,0.7042,40605.62,5800.952,2.798
301032.SZ,20240813,6.51,6.52,6.31,6.52,6.39,0.13,2.0344,24996.63,16067.799,1.018
688528.SH,20240813,7.05,7.24,7.01,7.24,7.06,0.18,2.5496,6874.07,4905.545,1.017
000915.SZ,20240813,27.2,27.39,27.0,27.28,27.34,-0.06,-0.2195,20922.2,56812.089,3.62
301002.SZ,20240813,14.78,15.14,14.58,15.05,14.79,0.26,1.7579,14101.5,21027.999,1.369
600939.SH,20240813,2.25,2.28,2.22,2.28,2.26,0.02,0.885,54402.83,12286.125,1.0787
300850.SZ,20240813,16.47,16.66,16.09,16.5,16.83,-0.33,-1.9608,129651.19,211825.742,2.926
301305.SZ,20240813,15.9,16.58,15.86,16.34,16.03,0.31,1.9339,29211.98,47545.084,1.0167
920579.BJ,20240813,11.53,11.7,11.53,11.66,11.6,0.06,0.5172,7261.25,8412.474,1.0994
688500.SH,20240813,30.63,30.82,29.65,30.63,30.62,0.01,0.0327,9677.34,29032.543,1.003
000938.SZ,20240813,19.78,20.17,19.75,20.16,19.73,0.43,2.1794,302263.65,602250.213,7.119
002427.SZ,20240813,2.85,2.92,2.81,2.92,2.87,0.05,1.7422,33508.01,9657.118,2.049
600285.SH,20240813,23.65,23.69,23.0,23.6,23.04,0.56,2.4306,145426.76,339769.42,8.272
601718.SH,20240813,2.48,2.52,2.46,2.51,2.48,0.03,1.2097,212837.0,52985.43,1.1375
688235.SH,20240813,142.51,142.88,140.1,142.0,141.0,1.0,0.7092,19661.99,278323.387,1.0
600121.SH,20240813,3.14,3.16,3.11,3.16,3.14,0.02,0.6369,48223.0,15138.194,4.946
300709.SZ,20240813,27.85,28.85,27.6,28.22,28.15,0.07,0.2487,186221.2,522576.511,1.93
605108.SH,20240813,18.8,18.8,18.38,18.58,18.81,-0.23,-1.2228,14445.3,26743.423,1.357
002746.SZ,20240813,5.76,5.82,5.71,5.78,5.76,0.02,0.3472,22489.0,12979.434,4.421
605088.SH,20240813,17.5,17.77,17.41,17.61,17.51,0.1,0.5711,10356.12,18159.842,1.112
920505.BJ,20240813,10.57,10.96,10.57,10.76,10.68,0.08,0.7491,6717.35,7223.232,1.5915
601136.SH,20240813,20.02,20.98,19.85,20.7,20.03,0.67,3.345,467212.66,949911.046,1.013
002635.SZ,20240813,13.18,13.37,13.18,13.37,13.19,0.18,1.3647,45402.0,60312.187,5.062
603906.SH,20240813,6.9,7.02,6.76,6.98,6.9,0.08,1.1594,44136.2,30425.104,2.099
000737.SZ,20240813,8.72,8.75,8.43,8.57,8.62,-0.05,-0.58,367156.0,314398.507,3.6772
300383.SZ,20240813,7.72,7.8,7.68,7.77,7.71,0.06,0.7782,64751.0,50072.595,20.555
603086.SH,20240813,3.8,3.84,3.75,3.82,3.81,0.01,0.2625,22614.0,8590.85,5.865
688120.SH,20240813,140.59,142.35,137.2,139.2,140.63,-1.43,-1.0169,9809.28,136348.884,2.2288
002057.SZ,20240813,6.52,6.59,6.5,6.59,6.52,0.07,1.0736,23973.0,15689.294,6.067
002542.SZ,20240813,1.45,1.49,1.45,1.49,1.47,0.02,1.3605,156395.5,23040.782,18.889
301090.SZ,20240813,6.07,6.08,5.95,6.07,6.0,0.07,1.1667,41065.0,24743.624,1.017
600830.SH,20240813,7.63,7.76,7.56,7.75,7.63,0.12,1.5727,130324.0,99916.456,9.971
688022.SH,20240813,11.47,11.69,11.41,11.68,11.54,0.14,1.2132,13419.04,15507.421,1.419
688718.SH,20240813,8.13,8.23,8.01,8.17,8.11,0.06,0.7398,4715.66,3835.081,1.0137
688800.SH,20240813,23.33,23.62,23.14,23.58,23.39,0.19,0.8123,10770.5,25160.284,1.419
300690.SZ,20240813,18.99,19.44,18.91,19.36,19.26,0.1,0.5192,63008.5,121018.31,2.744
688135.SH,20240813,14.87,15.27,14.87,15.25,14.95,0.3,2.0067,10088.84,15260.177,1.488
600029.SH,20240813,5.67,5.67,5.57,5.65,5.68,-0.03,-0.5282,383097.88,214860.624,1.701
600900.SH,20240813,29.28,29.38,29.06,29.26,29.18,0.08,0.2742,461630.28,1349026.967,3.6433
000859.SZ,20240813,3.2,3.25,3.15,3.24,3.22,0.02,0.6211,116425.5,37280.225,3.722
601956.SH,20240813,4.5,4.55,4.46,4.55,4.5,0.05,1.1111,22144.0,9991.111,1.084
600559.SH,20240813,18.2,18.25,17.75,17.97,18.2,-0.23,-1.2637,138688.53,248529.242,7.211
600713.SH,20240813,4.53,4.53,4.46,4.5,4.51,-0.01,-0.2217,61502.0,27641.931,11.9246
002712.SZ,20240813,3.51,3.55,3.43,3.53,3.52,0.01,0.2841,78328.0,27383.976,5.207
000639.SZ,20240813,2.44,2.45,2.35,2.42,2.43,-0.01,-0.4115,147579.2,35373.245,10.906
300647.SZ,20240813,5.15,5.66,5.08,5.36,5.12,0.24,4.6875,789629.0,418352.622,2.731
688335.SH,20240813,8.28,8.47,8.15,8.45,8.27,0.18,2.1765,5707.57,4757.608,2.191
000529.SZ,20240813,5.79,5.9,5.76,5.86,5.82,0.04,0.6873,31372.11,18275.861,3.4693
688313.SH,20240813,8.73,8.83,8.66,8.82,8.68,0.14,1.6129,41268.29,36097.159,1.007
600269.SH,20240813,4.88,4.92,4.79,4.86,4.88,-0.02,-0.4098,193873.02,93901.809,13.615
600956.SH,20240813,7.19,7.22,7.07,7.22,7.17,0.05,0.6974,45402.64,32498.933,1.0896
300855.SZ,20240813,23.73,23.99,23.1,23.53,23.73,-0.2,-0.8428,17941.85,42138.888,1.995
300017.SZ,20240813,7.06,7.17,7.05,7.17,7.08,0.09,1.2712,226414.0,161173.202,24.525
600073.SH,20240813,5.85,5.87,5.76,5.83,5.86,-0.03,-0.5119,44452.54,25831.74,3.347
601002.SH,20240813,3.02,3.08,2.99,3.08,3.04,0.04,1.3158,45752.0,13871.427,1.157
688301.SH,20240813,99.94,99.98,97.74,99.31,99.9,-0.59,-0.5906,4438.79,43839.771,2.014
688700.SH,20240813,23.02,23.63,23.0,23.4,23.22,0.18,0.7752,10141.06,23676.901,1.965
600679.SH,20240813,9.15,9.29,9.08,9.24,9.19,0.05,0.5441,27622.01,25394.383,2.525
002743.SZ,20240813,3.66,3.71,3.62,3.71,3.66,0.05,1.3661,34163.0,12562.87,2.1625
603021.SH,20240813,2.69,2.72,2.61,2.69,2.67,0.02,0.7491,55233.2,14739.933,2.665
605118.SH,20240813,13.27,13.6,13.24,13.6,13.38,0.22,1.6442,10701.0,14398.66,1.043
600149.SH,20240813,3.24,3.26,3.18,3.25,3.24,0.01,0.3086,31960.0,10322.421,2.889
688297.SH,20240813,31.14,31.57,31.0,31.54,31.13,0.41,1.3171,17059.19,53440.428,1.012
301292.SZ,20240813,11.89,12.1,11.62,12.1,11.81,0.29,2.4555,13085.0,15592.181,1.0
603638.SH,20240813,13.9,14.05,13.88,14.05,13.94,0.11,0.7891,9816.7,13710.015,4.662
601138.SH,20240813,20.85,21.05,20.45,20.78,20.64,0.14,0.6783,1014065.85,2100912.052,1.13
600872.SH,20240813,19.08,19.14,18.42,18.72,19.07,-0.35,-1.8353,110076.57,204750.97,11.488
002679.SZ,20240813,6.78,6.83,6.66,6.76,6.82,-0.06,-0.8798,24778.0,16701.309,1.8052
002601.SZ,20240813,16.42,16.45,16.11,16.38,16.42,-0.04,-0.2436,63309.59,103124.789,11.189
601311.SH,20240813,7.13,7.19,7.09,7.19,7.14,0.05,0.7003,45128.0,32261.213,3.174
600573.SH,20240813,9.75,9.75,9.62,9.74,9.7,0.04,0.4124,19735.0,19148.851,1.341
002487.SZ,20240813,20.69,21.07,20.33,20.85,20.68,0.17,0.8221,62100.38,128739.49,4.661
002010.SZ,20240813,3.85,3.9,3.84,3.89,3.86,0.03,0.7772,72404.68,28013.235,9.14
603232.SH,20240813,9.46,9.61,9.38,9.6,9.54,0.06,0.6289,26781.31,25421.948,3.549
002301.SZ,20240813,4.75,4.77,4.69,4.75,4.75,0.0,0.0,28489.33,13484.055,4.917
688107.SH,20240813,20.32,20.69,20.23,20.67,20.4,0.27,1.3235,13835.57,28286.638,1.0
002706.SZ,20240813,6.14,6.19,6.1,6.19,6.14,0.05,0.8143,63959.0,39317.894,12.524
301290.SZ,20240813,21.01,21.14,20.57,20.84,21.15,-0.31,-1.4657,9408.77,19530.155,1.044
605136.SH,20240813,5.8,5.93,5.7,5.78,5.8,-0.02,-0.3448,38237.99,22021.903,1.027
002033.SZ,20240813,8.48,8.54,8.41,8.5,8.51,-0.01,-0.1175,49676.19,42004.178,5.979
301001.SZ,20240813,18.52,18.83,18.22,18.79,18.53,0.26,1.4031,20001.43,37147.862,1.016
301022.SZ,20240813,18.35,18.99,18.26,18.99,18.45,0.54,2.9268,11466.32,21431.908,1.339
301178.SZ,20240813,19.95,20.32,19.7,20.22,19.95,0.27,1.3534,14792.4,29706.035,1.4224
601236.SH,20240813,6.7,6.84,6.68,6.83,6.68,0.15,2.2455,145361.8,98323.559,1.164
000407.SZ,20240813,2.63,2.67,2.61,2.67,2.63,0.04,1.5209,61174.29,16220.423,11.4127
300397.SZ,20240813,8.71,8.92,8.67,8.86,8.66,0.2,2.3095,93070.65,81862.439,3.61
002440.SZ,20240813,5.77,5.79,5.71,5.79,5.75,0.04,0.6957,17600.0,10129.778,5.767
603078.SH,20240813,13.07,13.55,13.06,13.55,13.07,0.48,3.6725,72978.01,97170.199,5.353
603000.SH,20240813,18.59,18.6,18.2,18.47,18.5,-0.03,-0.1622,95359.15,174734.221,4.3319
300024.SZ,20240813,9.37,9.5,9.33,9.5,9.4,0.1,1.0638,89516.12,84314.943,23.724
300147.SZ,20240813,9.99,11.11,9.69,10.02,10.61,-0.59,-5.5608,1982024.3,2035692.612,5.254
002806.SZ,20240813,8.91,9.29,8.88,9.27,8.94,0.33,3.6913,75052.64,68317.505,1.728
688496.SH,20240813,7.35,7.6,7.16,7.57,7.28,0.29,3.9835,28511.5,21206.765,1.003
300590.SZ,20240813,10.62,10.75,10.52,10.74,10.54,0.2,1.8975,74244.0,79033.838,5.763
603069.SH,20240813,16.45,16.49,16.06,16.34,16.43,-0.09,-0.5478,61360.68,99632.278,1.022
603790.SH,20240813,9.14,9.27,9.06,9.25,9.14,0.11,1.2035,12438.0,11407.066,1.384
301248.SZ,20240813,13.49,13.83,13.4,13.81,13.49,0.32,2.3721,30276.82,41389.159,1.529
600248.SH,20240813,3.57,3.6,3.53,3.58,3.56,0.02,0.5618,76845.6,27449.498,4.1864
300589.SZ,20240813,11.44,11.72,11.41,11.6,11.43,0.17,1.4873,65340.8,75777.229,4.0098
600699.SH,20240813,14.03,14.16,13.92,14.13,14.0,0.13,0.9286,89499.56,125746.237,4.205
301136.SZ,20240813,14.19,14.9,13.79,14.36,14.07,0.29,2.0611,299066.0,426200.225,1.013
920651.BJ,20240813,12.66,12.95,12.62,12.87,12.66,0.21,1.6588,1497.39,1913.161,1.6361
603801.SH,20240813,11.11,11.15,10.69,10.83,11.1,-0.27,-2.4324,59070.44,63959.202,3.249
300344.SZ,20240813,3.0,3.05,2.95,3.04,2.99,0.05,1.6722,61308.97,18449.463,4.743
601658.SH,20240813,4.72,4.82,4.71,4.81,4.72,0.09,1.9068,1425999.82,681898.125,1.2693
000655.SZ,20240813,5.41,5.5,5.4,5.48,5.42,0.06,1.107,16787.4,9171.955,5.971
301023.SZ,20240813,29.74,30.69,29.72,30.69,29.92,0.77,2.5735,5265.26,16010.391,1.597
605008.SH,20240813,12.0,12.1,11.53,11.7,11.73,-0.03,-0.2558,7022.0,8168.222,1.445
603578.SH,20240813,11.15,11.16,11.01,11.15,11.15,0.0,0.0,4533.94,5024.4,1.9633
002461.SZ,20240813,8.64,8.77,8.6,8.76,8.65,0.11,1.2717,109952.51,95892.165,2.22
002051.SZ,20240813,7.19,7.23,7.08,7.23,7.14,0.09,1.2605,49425.25,35386.169,5.576
000709.SZ,20240813,1.9,1.92,1.89,1.91,1.9,0.01,0.5263,323658.5,61709.859,11.3347
600871.SH,20240813,1.88,1.9,1.88,1.89,1.88,0.01,0.5319,291285.0,55022.771,2.464
002054.SZ,20240813,4.77,4.87,4.75,4.85,4.81,0.04,0.8316,17938.0,8642.219,3.507
600340.SH,20240813,1.05,1.06,1.04,1.06,1.06,0.0,0.0,229878.3,24140.73,24.438
600905.SH,20240813,4.75,4.76,4.7,4.72,4.75,-0.03,-0.6316,781322.0,369293.995,1.024
605300.SH,20240813,11.08,11.24,10.97,11.09,11.07,0.02,0.1807,3717.0,4108.69,1.035
600694.SH,20240813,16.16,16.48,16.08,16.25,16.22,0.03,0.185,16434.8,26684.194,6.538
600610.SH,20240813,3.78,3.82,3.7,3.81,3.78,0.03,0.7937,80430.0,30283.01,79.35
601007.SH,20240813,6.31,6.34,6.18,6.26,6.34,-0.08,-1.2618,31081.1,19382.387,1.5159
601606.SH,20240813,9.59,10.49,9.52,10.02,9.54,0.48,5.0314,217093.0,218147.195,1.0171
603629.SH,20240813,15.51,15.67,15.39,15.64,15.51,0.13,0.8382,23103.0,35890.861,2.03
601021.SH,20240813,52.2,52.38,49.74,50.67,52.25,-1.58,-3.0239,81579.51,412247.435,2.078
688676.SH,20240813,36.75,37.0,34.5,36.2,36.87,-0.67,-1.8172,150997.65,535696.12,1.04
603368.SH,20240813,17.21,17.27,16.88,17.1,17.3,-0.2,-1.1561,48856.0,83346.245,3.061
003010.SZ,20240813,11.99,12.02,11.61,11.82,12.11,-0.29,-2.3947,61474.57,72304.09,1.434
300829.SZ,20240813,13.71,13.82,13.42,13.79,13.7,0.09,0.6569,9162.23,12528.059,1.626
300422.SZ,20240813,4.48,4.57,4.31,4.54,4.5,0.04,0.8889,152536.17,67782.36,5.144
920471.BJ,20240813,9.0,9.0,8.85,8.94,9.0,-0.06,-0.6667,2694.09,2399.94,1.149
002807.SZ,20240813,3.61,3.67,3.61,3.65,3.63,0.02,0.551,163966.29,59808.546,1.555
603908.SH,20240813,20.59,20.64,20.13,20.37,20.69,-0.32,-1.5466,9975.22,20294.366,1.693
601965.SH,20240813,15.57,15.92,15.48,15.89,15.53,0.36,2.3181,28301.4,44265.708,1.8547
688176.SH,20240813,5.21,5.21,5.09,5.17,5.19,-0.02,-0.3854,23976.81,12307.659,1.0
600929.SH,20240813,5.48,5.55,5.46,5.54,5.49,0.05,0.9107,52624.0,29025.139,1.1243
603221.SH,20240813,8.88,8.88,8.69,8.8,8.84,-0.04,-0.4525,22587.0,19772.673,1.035
600763.SH,20240813,43.38,43.79,42.61,43.76,43.43,0.33,0.7598,55952.51,241721.689,3.41
000913.SZ,20240813,15.09,15.52,14.97,15.23,15.13,0.1,0.6609,68433.76,104212.017,2.817
601399.SH,20240813,2.63,2.65,2.61,2.65,2.63,0.02,0.7605,143562.4,37830.804,1.0
605599.SH,20240813,11.31,11.49,11.17,11.27,11.31,-0.04,-0.3537,16311.0,18394.527,1.128
688069.SH,20240813,13.43,13.76,13.16,13.67,13.31,0.36,2.7047,4080.98,5534.405,2.015
301060.SZ,20240813,9.32,9.32,8.77,9.08,9.62,-0.54,-5.6133,337175.68,302276.339,1.026
600583.SH,20240813,5.59,5.59,5.46,5.57,5.48,0.09,1.6423,218671.8,120802.389,21.491
000798.SZ,20240813,6.47,6.52,6.36,6.52,6.42,0.1,1.5576,27406.0,17707.351,2.302
301139.SZ,20240813,18.77,19.32,18.6,19.28,18.78,0.5,2.6624,21126.57,40179.274,1.0068
688196.SH,20240813,20.04,20.33,19.89,20.25,20.14,0.11,0.5462,1766.24,3550.671,1.102
688356.SH,20240813,54.92,55.88,53.88,54.63,54.9,-0.27,-0.4918,1520.53,8250.662,1.024
601012.SH,20240813,13.85,14.18,13.67,14.01,13.93,0.08,0.5743,687898.46,957666.632,19.7265
920002.BJ,20240813,46.46,47.18,46.06,47.15,46.23,0.92,1.99,3441.15,16094.247,1.0
002591.SZ,20240813,3.91,3.96,3.82,3.95,3.9,0.05,1.2821,58419.27,22826.844,3.465
605177.SH,20240813,20.48,20.48,19.9,20.18,20.46,-0.28,-1.3685,6176.0,12430.01,1.0474
002857.SZ,20240813,10.51,10.74,10.4,10.69,10.61,0.08,0.754,62774.2,66274.429,1.636
300673.SZ,20240813,12.2,12.28,12.08,12.26,12.21,0.05,0.4095,12819.9,15632.068,2.775
603159.SH,20240813,9.84,9.95,9.69,9.92,9.81,0.11,1.1213,6338.0,6247.355,1.5089
300868.SZ,20240813,16.83,17.52,16.83,17.41,16.95,0.46,2.7139,34652.0,59931.095,1.013
000909.SZ,20240813,3.88,3.93,3.81,3.86,3.89,-0.03,-0.7712,49821.78,19205.382,2.133
600528.SH,20240813,7.32,7.48,7.29,7.47,7.31,0.16,2.1888,80272.08,59274.154,4.711
600560.SH,20240813,11.95,12.16,11.95,12.16,12.04,0.12,0.9967,13607.0,16424.516,4.653
000883.SZ,20240813,5.09,5.12,5.06,5.11,5.05,0.06,1.1881,141313.12,71935.125,5.8594
002797.SZ,20240813,5.19,5.3,5.15,5.29,5.24,0.05,0.9542,775214.91,404914.703,1.6629
002796.SZ,20240813,8.3,8.32,8.05,8.18,8.24,-0.06,-0.7282,112082.5,91368.709,2.317
920526.BJ,20240813,17.98,18.26,17.75,18.05,17.92,0.13,0.7254,10745.71,19349.081,5.8506
301028.SZ,20240813,8.31,8.43,8.22,8.43,8.3,0.13,1.5663,11410.0,9528.107,1.058
600368.SH,20240813,3.97,3.99,3.75,3.76,4.0,-0.24,-6.0,413970.67,157184.026,5.502
600021.SH,20240813,8.89,8.95,8.84,8.93,8.88,0.05,0.5631,117126.43,104200.623,2.289
300599.SZ,20240813,5.41,5.8,5.37,5.8,5.46,0.34,6.2271,58625.93,32836.386,1.117
688143.SH,20240813,19.16,19.5,18.95,19.29,19.24,0.05,0.2599,10678.66,20520.923,1.315
600487.SH,20240813,14.0,14.1,13.83,14.04,13.96,0.08,0.5731,152511.23,213042.582,10.8414
601500.SH,20240813,4.46,4.48,4.39,4.47,4.46,0.01,0.2242,166951.8,74035.662,1.3212
603138.SH,20240813,9.5,9.6,9.42,9.58,9.49,0.09,0.9484,16244.0,15473.618,3.111
000800.SZ,20240813,7.72,7.79,7.67,7.79,7.72,0.07,0.9067,57769.52,44712.632,2.701
600630.SH,20240813,7.68,7.75,7.58,7.71,7.75,-0.04,-0.5161,93710.0,71785.817,3.2031
920932.BJ,20240813,10.8,10.85,10.68,10.83,10.8,0.03,0.2778,2270.91,2441.738,1.0616
300198.SZ,20240813,1.32,1.37,1.28,1.36,1.32,0.04,3.0303,345994.0,46045.724,10.195
688252.SH,20240813,16.31,16.7,16.25,16.7,16.48,0.22,1.335,33848.37,55705.774,1.005
688088.SH,20240813,24.49,24.87,24.38,24.78,24.5,0.28,1.1429,15746.87,38775.82,1.025
300138.SZ,20240813,7.95,7.95,7.8,7.95,7.92,0.03,0.3788,16331.0,12876.62,5.16
002170.SZ,20240813,5.25,5.33,5.21,5.3,5.26,0.04,0.7605,58082.0,30667.841,8.3286
300043.SZ,20240813,2.29,2.32,2.25,2.31,2.28,0.03,1.3158,164593.0,37666.67,21.116
301081.SZ,20240813,7.1,7.51,7.1,7.4,7.24,0.16,2.2099,48962.67,35917.736,1.315
920725.BJ,20240813,9.31,9.31,9.12,9.27,9.23,0.04,0.4334,756.68,697.023,2.1479
000999.SZ,20240813,43.6,43.62,42.62,43.11,43.65,-0.54,-1.2371,77100.7,331323.899,2.867
600771.SH,20240813,18.25,18.26,17.7,18.03,18.15,-0.12,-0.6612,36674.99,65596.742,7.446
301138.SZ,20240813,21.72,22.26,21.7,22.15,21.93,0.22,1.0032,6569.0,14455.395,1.079
002918.SZ,20240813,8.16,8.29,8.08,8.26,8.23,0.03,0.3645,16657.75,13652.918,2.8328
688611.SH,20240813,24.98,25.25,24.52,25.09,25.0,0.09,0.36,1141.82,2842.587,2.038
603936.SH,20240813,7.16,7.27,7.15,7.27,7.18,0.09,1.2535,86861.74,62687.644,2.01
002891.SZ,20240813,18.92,19.09,18.8,19.05,18.95,0.1,0.5277,9011.74,17055.18,2.612
688485.SH,20240813,7.73,7.85,7.62,7.78,7.76,0.02,0.2577,3643.57,2820.406,1.0155
603609.SH,20240813,7.02,7.1,6.93,7.0,7.02,-0.02,-0.2849,24673.0,17267.621,1.645
605598.SH,20240813,17.5,17.89,17.21,17.8,17.5,0.3,1.7143,14964.2,26214.446,1.4193
000062.SZ,20240813,8.54,8.62,8.47,8.6,8.55,0.05,0.5848,22549.95,19278.347,7.944
001231.SZ,20240813,14.05,14.16,13.6,14.16,13.95,0.21,1.5054,11538.0,16107.315,1.009
001206.SZ,20240813,12.73,12.82,12.56,12.67,12.72,-0.05,-0.3931,11710.04,14815.379,2.183
300628.SZ,20240813,32.84,33.18,32.42,32.84,32.8,0.04,0.122,26123.7,85296.672,18.948
603863.SH,20240813,24.0,26.0,24.0,25.8,23.99,1.81,7.5448,104713.89,265802.738,1.008
300092.SZ,20240813,9.51,10.1,9.46,9.99,9.62,0.37,3.8462,98072.0,96561.561,2.685
603977.SH,20240813,9.8,10.35,9.72,10.33,9.82,0.51,5.1935,103268.0,104645.951,2.1954
601390.SH,20240813,5.94,5.97,5.91,5.96,5.93,0.03,0.5059,425053.73,252496.801,1.3623
002920.SZ,20240813,85.14,86.25,84.5,86.23,85.12,1.11,1.304,29661.93,253086.297,1.041
688157.SH,20240813,37.22,37.95,37.03,37.75,37.48,0.27,0.7204,3345.02,12574.674,1.426
002851.SZ,20240813,23.02,23.77,22.98,23.62,23.12,0.5,2.1626,74655.81,175567.027,2.3333
920145.BJ,20240813,5.18,5.51,5.05,5.38,5.65,-0.27,-4.7788,42119.3,22042.676,8.2079
600054.SH,20240813,11.08,11.08,10.89,11.05,11.03,0.02,0.1813,33913.0,37162.271,4.5574
688183.SH,20240813,21.29,21.7,21.0,21.49,21.07,0.42,1.9934,91929.59,196249.484,1.057
002264.SZ,20240813,4.93,4.93,4.81,4.88,4.9,-0.02,-0.4082,44945.0,21842.757,4.725
600681.SH,20240813,3.42,3.43,3.39,3.43,3.41,0.02,0.5865,16273.0,5558.002,11.611
002382.SZ,20240813,4.59,4.63,4.53,4.61,4.59,0.02,0.4357,54817.14,25135.69,6.994
300134.SZ,20240813,6.43,6.74,6.26,6.64,6.43,0.21,3.2659,183961.08,119958.942,4.327
603687.SH,20240813,6.6,6.66,6.55,6.63,6.6,0.03,0.4545,23569.03,15576.868,1.0231
300641.SZ,20240813,21.21,21.75,21.03,21.56,21.21,0.35,1.6502,254043.79,543250.903,1.793
002337.SZ,20240813,3.84,3.84,3.72,3.8,3.81,-0.01,-0.2625,46721.03,17616.4,5.274
000816.SZ,20240813,1.77,1.8,1.75,1.8,1.78,0.02,1.1236,135020.0,24061.856,7.31
001368.SZ,20240813,17.2,17.44,16.91,17.41,17.22,0.19,1.1034,10195.0,17559.943,1.047
000761.SZ,20240813,2.6,2.66,2.57,2.65,2.59,0.06,2.3166,51693.72,13587.758,2.398
301157.SZ,20240813,32.32,33.3,31.61,33.3,32.32,0.98,3.0322,9842.6,32129.989,1.008
300301.SZ,20240813,1.21,1.26,1.21,1.23,1.22,0.01,0.8197,39128.02,4844.308,5.572
000014.SZ,20240813,8.5,8.5,8.27,8.38,8.6,-0.22,-2.5581,62468.86,52229.027,6.776
300077.SZ,20240813,9.89,10.04,9.79,9.97,9.89,0.08,0.8089,153440.22,152166.742,5.149
000612.SZ,20240813,5.41,5.46,5.32,5.41,5.38,0.03,0.5576,145491.98,78140.51,10.273
002968.SZ,20240813,8.49,8.54,8.3,8.5,8.48,0.02,0.2358,22623.7,19082.222,3.4086
688141.SH,20240813,15.58,16.98,15.49,16.87,15.56,1.31,8.419,86849.87,143507.895,1.0
300339.SZ,20240813,18.67,18.82,18.47,18.78,18.6,0.18,0.9677,89794.07,167668.875,6.324
002759.SZ,20240813,6.04,6.11,5.89,6.09,6.02,0.07,1.1628,46556.36,27981.651,2.656
600459.SH,20240813,12.98,13.06,12.9,13.02,12.95,0.07,0.5405,24614.3,31902.837,5.8705
300467.SZ,20240813,12.5,12.6,12.34,12.51,12.37,0.14,1.1318,16847.0,20936.189,4.017
300838.SZ,20240813,10.05,10.19,9.91,10.18,10.01,0.17,1.6983,8051.22,8113.66,1.064
601615.SH,20240813,9.46,9.63,9.39,9.57,9.52,0.05,0.5252,120971.08,115104.189,1.0808
000633.SZ,20240813,3.85,3.9,3.75,3.87,3.81,0.06,1.5748,43949.0,16822.217,7.479
000548.SZ,20240813,4.11,4.16,4.06,4.15,4.14,0.01,0.2415,50606.06,20825.597,3.661
300039.SZ,20240813,5.82,5.82,5.65,5.75,5.91,-0.16,-2.7073,363148.17,207902.966,11.989
920402.BJ,20240813,6.43,6.52,6.38,6.48,6.47,0.01,0.1546,10486.57,6731.092,1.3171
600707.SH,20240813,6.14,6.26,6.12,6.26,6.17,0.09,1.4587,118556.0,73449.176,2.273
002959.SZ,20240813,46.36,46.94,45.4,46.03,46.95,-0.92,-1.9595,13294.0,61049.02,1.387
300841.SZ,20240813,52.3,52.6,51.61,52.58,52.46,0.12,0.2287,10265.91,53342.904,2.361
920394.BJ,20240813,12.22,12.37,12.18,12.33,12.29,0.04,0.3255,1967.4,2413.288,1.0686
002586.SZ,20240813,1.57,1.57,1.54,1.57,1.56,0.01,0.641,16325.0,2545.908,6.196
002069.SZ,20240813,2.5,2.53,2.46,2.49,2.51,-0.02,-0.7968,42408.0,10532.692,6.663
002044.SZ,20240813,3.65,3.68,3.61,3.68,3.66,0.02,0.5464,191456.0,69897.067,9.7618
300226.SZ,20240813,16.19,16.37,16.12,16.37,16.26,0.11,0.6765,33446.88,54392.316,8.034
601618.SH,20240813,3.17,3.19,3.15,3.19,3.17,0.02,0.6309,565650.0,179647.888,1.2715
002446.SZ,20240813,5.43,5.68,5.38,5.58,5.43,0.15,2.7624,206296.05,114041.439,4.972
600369.SH,20240813,3.78,3.83,3.75,3.83,3.78,0.05,1.3228,208487.5,79229.312,5.036
002116.SZ,20240813,8.9,9.07,8.85,9.04,8.97,0.07,0.7804,54317.01,48672.354,4.748
001212.SZ,20240813,20.18,21.96,20.01,21.28,20.17,1.11,5.5032,49527.86,104130.617,1.334
003021.SZ,20240813,39.68,41.19,39.68,40.86,39.89,0.97,2.4317,24334.56,98489.755,2.301
601619.SH,20240813,3.0,3.02,2.96,3.01,2.99,0.02,0.6689,71256.0,21329.425,1.116
300144.SZ,20240813,7.79,8.13,7.73,8.1,7.8,0.3,3.8462,440717.45,351678.326,15.488
300506.SZ,20240813,1.79,1.84,1.74,1.8,1.78,0.02,1.1236,94235.4,16882.772,4.844
300348.SZ,20240813,7.02,7.1,6.99,7.1,7.01,0.09,1.2839,45206.0,31900.985,11.718
000680.SZ,20240813,6.68,6.78,6.56,6.65,6.69,-0.04,-0.5979,124124.78,82269.838,5.642
920566.BJ,20240813,7.06,7.12,6.96,7.09,7.11,-0.02,-0.2813,9041.14,6344.109,2.696
301267.SZ,20240813,19.73,19.96,19.4,19.67,19.73,-0.06,-0.3041,26899.08,52781.164,1.5151
300795.SZ,20240813,15.03,15.24,14.66,14.86,14.95,-0.09,-0.602,12350.0,18256.404,2.383
603867.SH,20240813,21.22,21.34,20.77,21.34,21.12,0.22,1.0417,7093.0,14975.621,1.411
002082.SZ,20240813,4.57,4.58,4.43,4.52,4.59,-0.07,-1.5251,87790.36,39396.934,3.0291
002207.SZ,20240813,5.24,5.51,5.19,5.51,5.01,0.5,9.98,615721.75,334292.745,2.053
002627.SZ,20240813,4.69,4.69,4.63,4.68,4.67,0.01,0.2141,26510.0,12346.979,3.41
601100.SH,20240813,45.29,46.1,45.02,45.85,45.36,0.49,1.0802,24415.43,111342.664,3.5238
000068.SZ,20240813,2.57,2.65,2.55,2.64,2.62,0.02,0.7634,100109.11,26033.802,2.28
688331.SH,20240813,27.08,27.18,26.36,26.9,27.16,-0.26,-0.9573,21857.08,58470.018,1.0
000927.SZ,20240813,2.47,2.5,2.46,2.48,2.47,0.01,0.4049,140752.0,34864.955,1.5943
688278.SH,20240813,53.22,53.22,50.85,51.45,53.22,-1.77,-3.3258,16736.95,86228.602,1.018
002490.SZ,20240813,1.81,1.85,1.79,1.84,1.82,0.02,1.0989,52990.0,9676.295,2.044
001324.SZ,20240813,15.75,15.85,15.51,15.83,15.71,0.12,0.7638,7313.04,11504.267,1.0141
002190.SZ,20240813,14.35,14.55,14.24,14.51,14.39,0.12,0.8339,14217.0,20482.156,2.661
300658.SZ,20240813,4.17,4.26,4.13,4.25,4.19,0.06,1.432,25897.5,10873.275,2.903
600800.SH,20240813,2.01,2.05,1.98,2.04,2.02,0.02,0.9901,39358.14,7941.047,9.904
000530.SZ,20240813,3.78,3.84,3.74,3.84,3.81,0.03,0.7874,68309.68,25958.732,10.0004
300369.SZ,20240813,4.74,4.82,4.68,4.8,4.76,0.04,0.8403,101413.0,48216.487,8.312
301307.SZ,20240813,17.96,17.97,17.5,17.88,17.88,0.0,0.0,10516.52,18689.018,1.0054
002065.SZ,20240813,4.42,4.46,4.39,4.45,4.43,0.02,0.4515,114026.0,50460.459,31.9202
600657.SH,20240813,2.86,2.89,2.81,2.88,2.86,0.02,0.6993,107931.0,30808.562,16.855
301236.SZ,20240813,30.55,31.03,30.26,31.03,30.68,0.35,1.1408,102777.3,315408.524,2.29
300852.SZ,20240813,22.5,22.91,22.5,22.91,22.41,0.5,2.2311,12913.6,29358.524,2.6
688561.SH,20240813,22.47,22.65,22.18,22.5,22.47,0.03,0.1335,14604.96,32713.5,1.0
002507.SZ,20240813,12.56,12.59,12.43,12.58,12.58,0.0,0.0,70531.56,88319.999,7.606
300349.SZ,20240813,10.48,10.69,10.47,10.68,10.46,0.22,2.1033,27467.8,29038.265,6.386
002424.SZ,20240813,3.55,3.6,3.45,3.52,3.57,-0.05,-1.4006,259784.23,91663.751,10.813
002437.SZ,20240813,1.94,1.94,1.9,1.92,1.94,-0.02,-1.0309,381327.0,73133.841,15.848
300777.SZ,20240813,21.1,21.27,20.93,21.2,21.02,0.18,0.8563,20756.15,43840.66,1.017
920870.BJ,20240813,8.25,8.46,8.21,8.38,8.33,0.05,0.6002,10698.18,8867.796,2.7133
300975.SZ,20240813,7.93,8.09,7.9,8.08,7.97,0.11,1.3802,172810.84,138308.202,1.517
301320.SZ,20240813,12.64,12.88,12.61,12.88,12.75,0.13,1.0196,10543.16,13466.176,1.017
002913.SZ,20240813,25.4,25.82,25.35,25.7,25.36,0.34,1.3407,24490.0,62601.485,2.219
688321.SH,20240813,17.87,17.88,17.5,17.81,17.84,-0.03,-0.1682,20705.92,36540.868,1.0
600985.SH,20240813,14.61,14.68,14.27,14.39,14.62,-0.23,-1.5732,124079.38,178548.279,4.721
301038.SZ,20240813,13.26,14.2,13.15,14.1,13.3,0.8,6.015,59286.3,82393.758,1.316
300481.SZ,20240813,12.58,12.72,12.49,12.7,12.62,0.08,0.6339,24768.0,31213.753,3.398
603883.SH,20240813,13.84,13.89,13.36,13.53,13.73,-0.2,-1.4567,170101.51,229632.869,2.6107
688191.SH,20240813,14.43,14.73,14.22,14.72,14.35,0.37,2.5784,3560.86,5179.792,1.037
300608.SZ,20240813,8.14,8.2,8.02,8.2,8.13,0.07,0.861,42780.5,34776.588,3.831
000423.SZ,20240813,50.7,50.75,49.12,49.69,50.82,-1.13,-2.2235,77501.6,384518.3,10.952
000717.SZ,20240813,1.78,1.78,1.72,1.74,1.8,-0.06,-3.3333,352414.41,61563.955,5.183
002061.SZ,20240813,3.64,3.68,3.62,3.67,3.66,0.01,0.2732,99751.64,36436.192,3.478
603010.SH,20240813,8.82,8.91,8.71,8.88,8.87,0.01,0.1127,9647.4,8515.365,4.831
688111.SH,20240813,192.47,193.36,189.5,192.3,192.47,-0.17,-0.0883,28699.39,547705.54,1.0116
000557.SZ,20240813,4.16,4.2,4.12,4.19,4.15,0.04,0.9639,37276.52,15530.692,7.328
000426.SZ,20240813,11.86,11.94,11.5,11.64,11.75,-0.11,-0.9362,136915.0,159273.691,17.0464
300128.SZ,20240813,3.1,3.3,3.08,3.27,3.12,0.15,4.8077,292243.68,94384.545,9.961
688015.SH,20240813,17.12,17.5,17.07,17.38,17.11,0.27,1.578,9120.8,15748.173,1.069
000812.SZ,20240813,3.74,3.86,3.73,3.81,3.76,0.05,1.3298,130344.0,49603.637,7.4263
301327.SZ,20240813,66.13,68.5,66.13,67.68,66.29,1.39,2.0968,6116.18,41136.935,1.325
603726.SH,20240813,13.5,13.84,13.28,13.56,13.58,-0.02,-0.1473,35220.0,47506.51,2.4038
300984.SZ,20240813,19.37,19.37,18.81,19.23,18.99,0.24,1.2638,2699.0,5151.231,1.672
603335.SH,20240813,3.94,4.02,3.9,4.02,3.99,0.03,0.7519,39451.0,15672.72,1.73
600873.SH,20240813,10.15,10.22,10.06,10.2,10.19,0.01,0.0981,87511.9,88647.207,8.314
600058.SH,20240813,6.21,6.27,6.16,6.27,6.19,0.08,1.2924,29067.44,18101.569,4.763
600844.SH,20240813,2.48,2.5,2.44,2.48,2.48,0.0,0.0,68316.26,16891.183,6.935
300292.SZ,20240813,3.11,3.15,3.07,3.15,3.11,0.04,1.2862,139328.0,43394.418,9.413
002248.SZ,20240813,6.76,6.84,6.61,6.66,6.91,-0.25,-3.6179,251731.0,168921.315,2.028
688600.SH,20240813,12.5,12.75,12.18,12.65,12.63,0.02,0.1584,9776.31,12109.781,1.054
300095.SZ,20240813,5.44,5.5,5.35,5.5,5.48,0.02,0.365,29260.03,15897.918,4.214
002547.SZ,20240813,2.38,2.42,2.33,2.42,2.38,0.04,1.6807,107446.0,25598.816,6.12
301129.SZ,20240813,18.38,18.68,18.1,18.63,18.29,0.34,1.8589,17591.8,32350.319,1.862
600774.SH,20240813,7.41,7.41,7.21,7.34,7.33,0.01,0.1364,34525.51,25093.914,6.486
600186.SH,20240813,3.27,3.28,3.21,3.26,3.26,0.0,0.0,151786.0,49213.76,5.446
603005.SH,20240813,18.8,19.08,18.7,19.06,18.78,0.28,1.4909,143029.94,270506.825,2.795
688636.SH,20240813,21.68,22.7,21.48,22.66,21.68,0.98,4.5203,33605.02,74632.416,2.241
603353.SH,20240813,12.5,12.86,12.13,12.25,12.23,0.02,0.1635,44749.6,55377.124,1.3837
601222.SH,20240813,6.23,6.32,6.2,6.31,6.23,0.08,1.2841,92426.36,58019.172,5.367
301056.SZ,20240813,7.25,7.42,7.18,7.42,7.25,0.17,2.3448,21121.41,15459.434,1.058
600644.SH,20240813,5.8,5.82,5.69,5.78,5.85,-0.07,-1.1966,70978.0,40801.617,11.618
688101.SH,20240813,11.8,12.16,11.7,12.12,11.87,0.25,2.1061,14566.24,17438.172,1.0628
603855.SH,20240813,19.0,19.09,18.79,19.02,19.0,0.02,0.1053,7187.96,13569.393,1.307
600867.SH,20240813,8.08,8.1,7.98,8.08,8.1,-0.02,-0.2469,91218.9,73238.66,38.268
301150.SZ,20240813,17.15,17.42,16.86,17.39,17.0,0.39,2.2941,10509.2,18024.127,2.803
002210.SZ,20240813,1.49,1.51,1.48,1.49,1.51,-0.02,-1.3245,115581.23,17260.278,10.352
002539.SZ,20240813,6.81,6.87,6.74,6.84,6.81,0.03,0.4405,39476.23,26932.693,6.585
002289.SZ,20240813,2.68,2.72,2.66,2.71,2.68,0.03,1.1194,13503.0,3638.241,1.524
002793.SZ,20240813,4.13,4.15,4.03,4.09,4.1,-0.01,-0.2439,53385.0,21732.801,3.589
605488.SH,20240813,11.82,12.25,11.78,12.12,11.81,0.31,2.6249,19356.89,23330.791,1.556
002789.SZ,20240813,8.37,8.62,8.2,8.6,8.37,0.23,2.7479,14482.5,12264.571,1.727
002560.SZ,20240813,5.53,5.56,5.44,5.55,5.52,0.03,0.5435,33775.0,18601.391,4.231
002515.SZ,20240813,4.28,4.31,4.2,4.26,4.28,-0.02,-0.4673,109283.36,46447.079,11.199
688251.SH,20240813,11.62,11.93,11.55,11.86,11.65,0.21,1.8026,2649.84,3112.009,1.4704
603686.SH,20240813,8.88,9.19,8.8,9.19,8.91,0.28,3.1425,193848.2,175415.755,3.261
601998.SH,20240813,6.11,6.22,6.09,6.22,6.11,0.11,1.8003,450315.34,278416.749,1.9192
603109.SH,20240813,12.58,12.72,12.45,12.71,12.57,0.14,1.1138,9890.4,12474.698,1.515
301131.SZ,20240813,31.81,32.41,31.52,32.41,31.8,0.61,1.9182,5980.0,19181.876,1.026
688588.SH,20240813,6.23,6.26,6.08,6.26,6.18,0.08,1.2945,16558.23,10259.558,1.077
600331.SH,20240813,5.49,5.53,5.41,5.51,5.48,0.03,0.5474,103091.0,56244.958,9.0
002995.SZ,20240813,13.45,13.48,13.11,13.43,13.32,0.11,0.8258,24480.4,32638.357,2.807
601665.SH,20240813,4.58,4.61,4.54,4.56,4.59,-0.03,-0.6536,187618.0,85759.668,1.1702
002631.SZ,20240813,3.54,3.64,3.51,3.64,3.57,0.07,1.9608,46960.0,16849.351,4.331
688283.SH,20240813,20.17,20.48,20.05,20.4,20.17,0.23,1.1403,4465.44,9029.231,1.4635
001314.SZ,20240813,33.09,36.08,33.0,36.08,32.8,3.28,10.0,73091.0,256229.749,1.02
689009.SH,20240813,46.0,47.5,45.6,46.41,46.2,0.21,0.4545,78218.88,363668.91,1.007
300279.SZ,20240813,4.18,4.29,4.11,4.29,4.16,0.13,3.125,85405.0,36022.381,5.773
002371.SZ,20240813,317.11,320.69,315.57,319.44,318.03,1.41,0.4434,22742.28,722950.824,4.7717
003003.SZ,20240813,7.79,7.88,7.68,7.86,7.79,0.07,0.8986,12901.6,10054.902,1.0354
688268.SH,20240813,45.5,45.69,44.43,45.41,45.21,0.2,0.4424,6221.27,27924.238,1.0285
300417.SZ,20240813,7.5,8.18,7.37,7.93,7.47,0.46,6.158,64828.3,50389.065,3.667
300267.SZ,20240813,2.5,2.55,2.37,2.41,2.59,-0.18,-6.9498,1053467.27,254517.953,10.479
300861.SZ,20240813,18.82,19.18,18.7,19.08,18.89,0.19,1.0058,15049.0,28494.246,1.2463
300184.SZ,20240813,4.49,4.57,4.47,4.56,4.47,0.09,2.0134,206510.8,93484.649,8.713
600097.SH,20240813,8.01,8.08,7.85,7.99,8.02,-0.03,-0.3741,22353.0,17772.203,1.589
300607.SZ,20240813,11.41,11.56,11.31,11.52,11.41,0.11,0.9641,32416.2,37062.865,5.387
301302.SZ,20240813,16.24,16.36,15.87,16.32,16.04,0.28,1.7456,18812.5,30387.066,1.5
920057.BJ,20240813,3.14,3.2,3.11,3.14,3.13,0.01,0.3195,4656.84,1465.867,1.0064
300966.SZ,20240813,16.91,16.98,16.23,16.42,16.67,-0.25,-1.4997,21993.0,36145.186,1.006
300446.SZ,20240813,13.06,13.27,12.96,13.25,13.09,0.16,1.2223,105468.0,138320.914,3.493
688667.SH,20240813,34.4,34.6,33.83,34.29,34.27,0.02,0.0584,1603.7,5471.393,1.013
300140.SZ,20240813,4.77,4.88,4.71,4.87,4.81,0.06,1.2474,145860.19,70213.194,4.186
300580.SZ,20240813,13.61,13.92,13.54,13.81,13.61,0.2,1.4695,69046.11,94878.098,2.373
002270.SZ,20240813,18.98,19.4,18.98,19.29,18.98,0.31,1.6333,52135.99,100161.342,2.496
000019.SZ,20240813,6.07,6.09,5.97,6.0,6.05,-0.05,-0.8264,21107.1,12705.525,4.755
300029.SZ,20240813,3.93,4.18,3.93,4.06,4.01,0.05,1.2469,44093.0,18012.701,1.023
300254.SZ,20240813,8.85,8.86,8.53,8.69,8.95,-0.26,-2.905,150355.8,130085.956,1.496
603017.SH,20240813,8.19,8.35,8.08,8.35,8.2,0.15,1.8293,40674.0,33534.64,4.97
301076.SZ,20240813,16.73,16.99,16.58,16.97,16.81,0.16,0.9518,18783.14,31502.602,1.763
603677.SH,20240813,10.83,10.96,10.76,10.91,10.87,0.04,0.368,6694.0,7271.47,2.772
002533.SZ,20240813,8.79,8.94,8.77,8.91,8.79,0.12,1.3652,42397.0,37581.432,5.508
300452.SZ,20240813,11.24,11.39,11.1,11.24,11.34,-0.1,-0.8818,24123.07,27044.885,5.614
601065.SH,20240813,8.72,8.79,8.64,8.78,8.67,0.11,1.2687,21937.18,19146.346,1.044
600325.SH,20240813,5.99,6.03,5.82,5.88,6.03,-0.15,-2.4876,316330.83,186081.513,11.3279
688136.SH,20240813,15.98,16.18,15.73,16.08,16.17,-0.09,-0.5566,9041.19,14323.572,1.005
001236.SZ,20240813,6.82,7.08,6.8,7.06,6.87,0.19,2.7656,94002.0,65559.248,1.002
920363.BJ,20240813,10.95,10.95,10.65,10.82,10.9,-0.08,-0.7339,9718.89,10466.519,1.0211
605228.SH,20240813,8.09,8.69,8.01,8.48,8.07,0.41,5.0805,76576.52,64374.481,1.025
920992.BJ,20240813,8.45,8.45,8.22,8.29,8.48,-0.19,-2.2406,10525.42,8709.98,1.4871
002414.SZ,20240813,6.17,6.22,6.11,6.21,6.14,0.07,1.1401,330993.53,203653.883,14.376
002785.SZ,20240813,28.67,29.18,28.54,28.96,28.5,0.46,1.614,75975.8,219406.062,1.002
603151.SH,20240813,10.5,10.59,10.34,10.46,10.6,-0.14,-1.3208,19809.76,20649.452,1.0461
601727.SH,20240813,3.71,3.76,3.68,3.76,3.72,0.04,1.0753,139317.46,51943.364,1.143
920199.BJ,20240813,10.5,10.61,10.44,10.55,10.53,0.02,0.1899,1662.06,1745.079,5.6877
301197.SZ,20240813,12.42,12.6,12.3,12.6,12.45,0.15,1.2048,15286.66,19049.635,1.0119
688207.SH,20240813,10.6,10.77,10.48,10.72,10.56,0.16,1.5152,22419.3,23862.288,1.4
603105.SH,20240813,7.79,7.92,7.72,7.89,7.81,0.08,1.0243,50981.97,39858.488,1.047
002881.SZ,20240813,18.15,18.37,18.0,18.36,18.22,0.14,0.7684,10186.91,18521.907,2.241
300030.SZ,20240813,4.16,4.35,4.06,4.12,4.36,-0.24,-5.5046,212398.84,88070.598,4.124
300796.SZ,20240813,10.15,10.37,9.99,10.14,10.18,-0.04,-0.3929,98679.92,100080.478,2.563
300963.SZ,20240813,8.03,8.1,7.74,7.86,8.17,-0.31,-3.7944,120672.77,94768.608,2.8021
300511.SZ,20240813,2.8,2.84,2.74,2.8,2.84,-0.04,-1.4085,197679.07,55043.973,3.0
002799.SZ,20240813,6.04,6.12,5.95,6.07,6.07,0.0,0.0,45653.06,27626.941,2.568
601689.SH,20240813,33.76,34.24,33.01,33.68,33.75,-0.07,-0.2074,129381.93,434167.639,2.29
002725.SZ,20240813,7.94,7.96,7.84,7.95,7.9,0.05,0.6329,20552.29,16218.903,2.703
605218.SH,20240813,15.58,17.29,15.58,17.29,15.72,1.57,9.9873,99270.0,168804.633,1.032
002519.SZ,20240813,4.88,4.92,4.77,4.84,4.87,-0.03,-0.616,286905.6,138662.351,11.977
600977.SH,20240813,10.58,10.67,10.36,10.45,10.62,-0.17,-1.6008,55333.89,57889.493,1.083
002690.SZ,20240813,14.68,14.75,14.53,14.7,14.7,0.0,0.0,15955.56,23337.981,5.543
002650.SZ,20240813,1.76,1.81,1.75,1.8,1.77,0.03,1.6949,33525.0,5990.796,8.224
000055.SZ,20240813,3.47,3.49,3.4,3.49,3.46,0.03,0.8671,24074.0,8319.932,10.199
002243.SZ,20240813,5.42,5.5,5.33,5.49,5.42,0.07,1.2915,52209.0,28333.14,1.789
601888.SH,20240813,64.01,64.18,63.11,64.17,63.95,0.22,0.344,88642.18,563467.154,2.271
601939.SH,20240813,7.6,7.7,7.58,7.66,7.6,0.06,0.7895,845310.19,647124.635,2.3313
000729.SZ,20240813,9.91,10.05,9.91,9.99,9.93,0.06,0.6042,164737.39,164185.392,8.3066
601166.SH,20240813,16.29,16.37,16.24,16.32,16.28,0.04,0.2457,227720.35,371531.15,5.4064
688420.SH,20240813,18.58,18.58,18.21,18.47,18.33,0.14,0.7638,903.68,1658.995,1.0234
603239.SH,20240813,12.51,12.76,12.43,12.75,12.5,0.25,2.0,19007.0,24037.602,3.722
688502.SH,20240813,82.68,83.74,81.6,83.6,82.7,0.9,1.0883,3659.25,30223.726,1.011
002678.SZ,20240813,3.55,3.6,3.51,3.6,3.57,0.03,0.8403,38529.0,13727.766,2.792
600782.SH,20240813,3.2,3.23,3.19,3.21,3.2,0.01,0.3125,117726.0,37721.185,14.105
601225.SH,20240813,23.17,23.25,22.73,23.15,23.09,0.06,0.2599,117315.0,269849.297,1.626
000795.SZ,20240813,5.58,5.62,5.51,5.61,5.56,0.05,0.8993,49917.0,27805.985,4.361
688236.SH,20240813,12.55,12.78,12.39,12.74,12.56,0.18,1.4331,26227.97,33102.907,1.0486
301160.SZ,20240813,34.55,34.74,34.16,34.55,34.55,0.0,0.0,4040.0,13878.374,1.064
001333.SZ,20240813,15.88,15.94,15.75,15.94,15.87,0.07,0.4411,1985.98,3144.817,1.041
601118.SH,20240813,4.61,4.66,4.56,4.61,4.57,0.04,0.8753,189873.79,87347.993,1.0426
300629.SZ,20240813,16.69,16.95,16.66,16.94,16.73,0.21,1.2552,27106.29,45616.269,2.59
000595.SZ,20240813,3.76,3.8,3.71,3.8,3.75,0.05,1.3333,93368.0,35182.859,4.958
300381.SZ,20240813,6.25,6.26,6.06,6.21,6.29,-0.08,-1.2719,127157.0,77895.098,6.481
300561.SZ,20240813,7.8,7.91,7.71,7.9,7.79,0.11,1.4121,47030.35,36834.265,6.1
600267.SH,20240813,7.8,7.86,7.69,7.76,7.89,-0.13,-1.6477,98098.0,76136.65,7.035
300792.SZ,20240813,14.91,14.92,14.64,14.92,14.79,0.13,0.879,12983.0,19219.651,2.779
002059.SZ,20240813,5.13,5.25,4.92,5.04,5.2,-0.16,-3.0769,282733.31,142393.902,2.129
605006.SH,20240813,4.23,4.25,4.15,4.25,4.21,0.04,0.9501,12429.2,5233.815,1.279
000632.SZ,20240813,2.67,2.69,2.6,2.68,2.67,0.01,0.3745,90373.0,23971.354,7.527
688061.SH,20240813,22.98,23.29,22.86,23.15,23.0,0.15,0.6522,3429.77,7901.121,1.5028
002281.SZ,20240813,29.76,30.09,29.48,29.81,29.56,0.25,0.8457,106562.33,316636.583,3.3542
300091.SZ,20240813,1.36,1.51,1.35,1.48,1.37,0.11,8.0292,618037.3,89231.006,12.201
300942.SZ,20240813,6.66,7.1,6.53,6.93,6.76,0.17,2.5148,128554.05,87255.907,1.014
300869.SZ,20240813,13.29,13.32,13.07,13.26,13.37,-0.11,-0.8227,23083.0,30385.564,1.04
300849.SZ,20240813,13.24,13.43,13.21,13.37,13.44,-0.07,-0.5208,14652.5,19521.145,1.528
603233.SH,20240813,13.27,13.29,13.01,13.22,13.31,-0.09,-0.6762,81895.45,107247.822,2.957
688639.SH,20240813,39.41,39.85,38.82,39.21,39.68,-0.47,-1.1845,16319.19,63933.774,2.1668
688629.SH,20240813,26.5,26.92,26.1,26.5,26.37,0.13,0.493,31380.03,83228.787,1.002
603098.SH,20240813,7.5,7.68,7.37,7.61,7.53,0.08,1.0624,39714.0,29930.29,1.266
600562.SH,20240813,13.25,13.47,13.23,13.45,13.23,0.22,1.6629,44638.7,59643.71,7.3245
600033.SH,20240813,3.58,3.65,3.58,3.65,3.6,0.05,1.3889,147023.14,53388.842,8.5346
603215.SH,20240813,12.82,12.98,12.72,12.93,12.7,0.23,1.811,14533.0,18723.307,1.07
300300.SZ,20240813,1.32,1.39,1.32,1.36,1.33,0.03,2.2556,267527.63,36281.33,6.662
603208.SH,20240813,17.47,17.68,17.21,17.51,17.47,0.04,0.229,10346.21,18071.503,2.678
603669.SH,20240813,4.55,4.55,4.46,4.5,4.55,-0.05,-1.0989,13197.67,5929.774,3.221
920855.BJ,20240813,7.8,7.92,7.56,7.69,7.82,-0.13,-1.6624,2731.31,2097.845,1.1563
603429.SH,20240813,3.85,3.88,3.78,3.84,3.88,-0.04,-1.0309,32909.2,12582.17,7.6069
301075.SZ,20240813,20.74,21.28,20.2,20.81,22.2,-1.39,-6.2613,61850.39,127420.123,1.03
300948.SZ,20240813,8.64,8.89,8.4,8.89,8.77,0.12,1.3683,34650.5,30181.214,1.523
688053.SH,20240813,20.37,20.74,20.2,20.63,20.52,0.11,0.5361,7675.78,15700.296,1.0133
688125.SH,20240813,28.68,28.95,28.53,28.92,28.9,0.02,0.0692,1587.99,4571.35,1.038
600676.SH,20240813,3.5,3.56,3.47,3.56,3.56,0.0,0.0,213754.0,75031.584,13.818
300545.SZ,20240813,21.73,22.17,21.53,22.02,21.73,0.29,1.3346,24505.0,53689.706,2.057
300005.SZ,20240813,4.53,4.59,4.5,4.58,4.56,0.02,0.4386,100592.93,45815.379,12.1675
300168.SZ,20240813,4.9,5.0,4.88,4.99,4.95,0.04,0.8081,114346.6,56563.675,8.19
001376.SZ,20240813,16.9,17.11,16.66,17.11,16.86,0.25,1.4828,16570.0,28021.199,1.01
301127.SZ,20240813,8.06,9.03,8.0,8.9,7.97,0.93,11.6688,202611.68,173954.278,1.4288
603559.SH,20240813,5.18,5.26,4.97,5.21,5.19,0.02,0.3854,22118.0,11346.104,1.507
605567.SH,20240813,7.78,7.8,7.66,7.75,7.81,-0.06,-0.7682,21588.0,16659.671,1.018
000802.SZ,20240813,4.84,4.87,4.69,4.73,4.86,-0.13,-2.6749,44765.0,21325.251,3.328
600236.SH,20240813,6.87,6.87,6.73,6.79,6.82,-0.03,-0.4399,79842.49,54201.678,8.0339
600332.SH,20240813,30.0,30.09,29.64,29.93,30.08,-0.15,-0.4987,54479.75,162544.667,1.651
601968.SH,20240813,4.6,4.7,4.55,4.7,4.58,0.12,2.6201,27344.0,12598.016,1.085
002788.SZ,20240813,7.72,7.8,7.67,7.75,7.78,-0.03,-0.3856,25928.83,20072.826,3.2674
601880.SH,20240813,1.25,1.26,1.24,1.26,1.25,0.01,0.8,282701.73,35382.582,2.7889
003012.SZ,20240813,5.78,5.84,5.71,5.82,5.8,0.02,0.3448,19755.0,11415.616,1.101
300227.SZ,20240813,4.82,4.91,4.78,4.9,4.84,0.06,1.2397,80279.0,38964.903,5.54
600235.SH,20240813,4.63,4.67,4.58,4.67,4.63,0.04,0.8639,32433.0,15034.444,2.222
600886.SH,20240813,16.38,16.5,16.26,16.43,16.36,0.07,0.4279,117264.29,192025.351,53.1684
301203.SZ,20240813,26.0,28.54,25.33,27.5,26.42,1.08,4.0878,12024.36,32663.532,1.092
000609.SZ,20240813,1.81,1.87,1.81,1.83,1.9,-0.07,-3.6842,74491.1,13545.566,6.029
601133.SH,20240813,9.78,9.91,9.72,9.91,9.78,0.13,1.3292,20237.95,19870.285,1.025
002921.SZ,20240813,9.66,9.74,9.5,9.69,9.62,0.07,0.7277,8086.6,7787.726,1.444
000030.SZ,20240813,4.75,4.82,4.73,4.8,4.77,0.03,0.6289,50132.83,23928.619,4.128
601975.SH,20240813,3.12,3.16,3.07,3.1,3.1,0.0,0.0,491833.12,153159.089,1.0
600901.SH,20240813,4.86,4.89,4.77,4.82,4.85,-0.03,-0.6186,299041.57,143858.689,1.955
688048.SH,20240813,26.89,27.26,26.75,27.06,26.89,0.17,0.6322,13862.47,37336.338,1.311
603080.SH,20240813,13.65,13.83,13.55,13.83,13.64,0.19,1.393,18428.0,25292.209,1.104
000008.SZ,20240813,2.04,2.11,2.02,2.08,2.04,0.04,1.9608,347619.71,71503.048,22.408
600633.SH,20240813,8.27,8.34,8.18,8.26,8.26,0.0,0.0,52515.01,43260.519,8.098
920690.BJ,20240813,11.02,11.13,11.0,11.09,11.02,0.07,0.6352,2578.27,2845.688,1.0573
300461.SZ,20240813,15.08,15.7,14.98,15.48,15.1,0.38,2.5166,33810.0,51982.793,1.822
300067.SZ,20240813,3.33,3.37,3.28,3.37,3.3,0.07,2.1212,304754.8,101330.542,8.263
002415.SZ,20240813,27.17,27.25,27.0,27.15,27.13,0.02,0.0737,180812.84,490007.743,22.966
688199.SH,20240813,12.02,12.17,11.9,12.17,12.03,0.14,1.1638,5385.5,6488.116,1.545
301265.SZ,20240813,7.8,8.18,7.74,8.08,7.92,0.16,2.0202,28781.03,22935.424,1.017
002151.SZ,20240813,24.4,24.59,24.23,24.56,24.42,0.14,0.5733,31776.0,77570.612,5.858
600380.SH,20240813,10.84,10.85,10.6,10.69,10.75,-0.06,-0.5581,113874.0,121378.053,11.7905
688336.SH,20240813,17.84,18.04,17.56,18.02,17.84,0.18,1.009,12058.42,21526.333,1.002
300872.SZ,20240813,11.56,11.69,11.38,11.59,11.57,0.02,0.1729,24757.18,28587.908,1.824
000026.SZ,20240813,8.93,8.97,8.85,8.94,8.91,0.03,0.3367,10605.86,9449.836,8.734
301066.SZ,20240813,8.19,8.41,8.08,8.38,8.19,0.19,2.3199,24967.0,20560.768,1.4182
002527.SZ,20240813,5.64,5.7,5.55,5.7,5.63,0.07,1.2433,62522.17,35258.001,2.792
002489.SZ,20240813,2.63,2.66,2.6,2.64,2.62,0.02,0.7634,127770.44,33635.563,12.171
603238.SH,20240813,9.37,9.46,9.26,9.42,9.37,0.05,0.5336,6494.0,6065.415,1.577
300480.SZ,20240813,12.67,12.79,12.54,12.74,12.69,0.05,0.394,26537.0,33584.125,3.475
600727.SH,20240813,6.97,7.02,6.81,6.91,6.97,-0.06,-0.8608,180077.0,123834.198,5.627
300054.SZ,20240813,20.46,20.66,20.27,20.51,20.46,0.05,0.2444,35418.66,72505.704,12.906
300098.SZ,20240813,3.98,4.04,3.96,4.04,3.98,0.06,1.5075,401896.0,160663.233,15.394
002145.SZ,20240813,3.36,3.5,3.33,3.48,3.3,0.18,5.4545,729083.31,249924.738,4.541
688195.SH,20240813,21.35,21.96,21.34,21.75,21.3,0.45,2.1127,14153.57,30648.313,1.0224
300946.SZ,20240813,23.57,23.96,23.5,23.96,23.57,0.39,1.6546,5636.0,13391.526,1.854
300331.SZ,20240813,13.61,13.93,13.61,13.91,13.7,0.21,1.5328,25480.0,35113.911,3.088
002590.SZ,20240813,11.99,12.18,11.94,12.12,11.98,0.14,1.1686,62490.0,75179.695,4.701
000543.SZ,20240813,8.48,8.58,8.38,8.46,8.48,-0.02,-0.2358,123343.6,104735.611,4.88
002137.SZ,20240813,4.47,4.56,4.43,4.54,4.47,0.07,1.566,51877.0,23389.353,3.301
600396.SH,20240813,2.42,2.43,2.36,2.4,2.43,-0.03,-1.2346,180447.68,43103.253,6.566
601717.SH,20240813,11.86,12.02,11.76,11.88,11.91,-0.03,-0.2519,88671.0,105163.979,2.761
300581.SZ,20240813,7.5,8.09,7.49,7.85,7.52,0.33,4.3883,176812.8,138240.125,11.793
000408.SZ,20240813,22.59,23.06,22.53,22.78,22.48,0.3,1.3345,74718.83,170350.052,6.642
688698.SH,20240813,21.79,22.08,21.46,21.86,21.7,0.16,0.7373,6836.68,14916.367,1.037
300913.SZ,20240813,28.11,28.54,27.87,28.42,27.94,0.48,1.718,24642.1,69588.824,2.133
300260.SZ,20240813,18.37,18.55,18.07,18.46,18.33,0.13,0.7092,40254.0,73740.205,5.6255
000630.SZ,20240813,3.1,3.11,3.04,3.07,3.08,-0.01,-0.3247,1163846.57,356441.254,29.134
600081.SH,20240813,8.43,8.55,8.42,8.52,8.47,0.05,0.5903,13920.6,11816.435,10.131
002112.SZ,20240813,8.49,8.86,8.36,8.68,8.5,0.18,2.1176,126260.82,108880.224,3.372
301087.SZ,20240813,31.73,31.85,31.13,31.45,31.85,-0.4,-1.2559,6445.9,20241.486,1.421
603126.SH,20240813,5.25,5.35,5.07,5.29,5.54,-0.25,-4.5126,247767.25,129011.238,1.6559
002183.SZ,20240813,2.94,2.96,2.9,2.94,2.95,-0.01,-0.339,130801.85,38296.385,15.1686
002152.SZ,20240813,9.41,9.55,9.35,9.46,9.43,0.03,0.3181,87621.0,82741.594,17.475
605305.SH,20240813,22.81,23.2,22.72,23.16,22.98,0.18,0.7833,8223.17,18893.296,2.004
001213.SZ,20240813,3.99,4.02,3.97,4.01,3.98,0.03,0.7538,97514.0,38970.46,1.0285
600655.SH,20240813,5.48,5.5,5.43,5.49,5.48,0.01,0.1825,57588.0,31473.76,242.519
605077.SH,20240813,13.24,13.32,13.0,13.21,13.26,-0.05,-0.3771,7715.83,10097.98,2.78
002360.SZ,20240813,4.22,4.38,4.2,4.36,4.45,-0.09,-2.0225,121489.22,52030.113,7.2015
300281.SZ,20240813,4.9,5.0,4.84,4.98,4.92,0.06,1.2195,173910.0,85649.234,6.299
300635.SZ,20240813,7.64,7.9,7.46,7.89,7.67,0.22,2.8683,39003.13,30328.211,1.6192
600129.SH,20240813,24.61,24.72,23.87,24.2,25.01,-0.81,-3.2387,214808.64,518906.345,3.15
300453.SZ,20240813,6.39,6.53,6.35,6.49,6.48,0.01,0.1543,48040.92,30977.955,6.835
001914.SZ,20240813,9.46,9.53,9.32,9.42,9.48,-0.06,-0.6329,60923.0,57361.683,8.529
002809.SZ,20240813,6.7,7.21,6.62,6.72,7.22,-0.5,-6.9252,95930.56,65331.496,2.757
300410.SZ,20240813,4.44,4.55,4.3,4.55,4.43,0.12,2.7088,87853.0,39040.005,4.902
688137.SH,20240813,31.15,31.43,30.75,31.43,31.22,0.21,0.6726,1196.58,3713.293,1.0264
000550.SZ,20240813,23.29,23.8,22.9,23.8,23.3,0.5,2.1459,252015.38,587685.485,3.8221
601518.SH,20240813,2.52,2.54,2.51,2.54,2.52,0.02,0.7937,91580.6,23148.821,1.672
300388.SZ,20240813,5.7,5.84,5.66,5.83,5.73,0.1,1.7452,48456.8,28005.072,6.094
600250.SH,20240813,7.76,7.79,7.52,7.72,7.69,0.03,0.3901,141155.0,107522.859,2.71
300973.SZ,20240813,25.91,26.06,25.32,25.81,25.9,-0.09,-0.3475,17186.8,43961.235,1.0338
600721.SH,20240813,6.67,6.81,6.5,6.68,6.7,-0.02,-0.2985,350587.0,232863.945,1.452
002966.SZ,20240813,6.91,7.04,6.91,7.0,6.91,0.09,1.3025,175924.5,122845.382,1.336
002521.SZ,20240813,9.58,9.69,9.41,9.67,9.58,0.09,0.9395,36784.36,35064.934,3.605
301276.SZ,20240813,19.3,19.35,19.09,19.3,19.26,0.04,0.2077,1990.0,3825.267,1.047
002328.SZ,20240813,4.58,4.61,4.56,4.6,4.57,0.03,0.6565,22483.0,10308.105,3.142
600965.SH,20240813,3.64,3.68,3.57,3.63,3.65,-0.02,-0.5479,40450.0,14631.742,2.2091
688050.SH,20240813,80.43,80.8,79.15,80.48,80.13,0.35,0.4368,7510.24,60137.369,1.814
002687.SZ,20240813,4.05,4.06,4.01,4.05,4.04,0.01,0.2475,22879.71,9241.81,6.895
688510.SH,20240813,15.08,15.49,15.08,15.28,15.2,0.08,0.5263,11281.18,17198.972,1.017
002632.SZ,20240813,6.58,6.72,6.55,6.69,6.58,0.11,1.6717,57925.0,38577.53,6.456
000600.SZ,20240813,4.97,5.0,4.92,4.98,4.99,-0.01,-0.2004,109876.0,54500.342,7.314
300623.SZ,20240813,17.7,18.45,17.66,18.22,17.61,0.61,3.4639,125504.54,227212.869,7.146
002669.SZ,20240813,8.25,8.33,8.11,8.22,8.29,-0.07,-0.8444,50601.02,41528.287,2.166
002380.SZ,20240813,16.38,16.57,16.02,16.23,16.57,-0.34,-2.0519,74016.0,120117.859,3.351
600637.SH,20240813,6.29,6.31,6.19,6.26,6.29,-0.03,-0.4769,110044.81,68778.33,5.4439
301027.SZ,20240813,7.45,7.72,7.35,7.7,7.44,0.26,3.4946,70405.0,53351.845,1.01
300449.SZ,20240813,4.33,4.42,4.31,4.41,4.35,0.06,1.3793,30673.0,13410.363,3.628
600756.SH,20240813,10.1,10.15,9.96,10.11,10.07,0.04,0.3972,29309.0,29460.739,5.248
603328.SH,20240813,6.91,7.06,6.88,7.03,6.92,0.11,1.5896,148335.93,103875.113,2.9568
600794.SH,20240813,3.03,3.07,3.03,3.07,3.04,0.03,0.9868,64657.87,19712.227,21.565
002161.SZ,20240813,4.35,4.42,4.32,4.42,4.36,0.06,1.3761,56106.0,24533.248,10.746
000099.SZ,20240813,16.64,16.92,16.56,16.79,16.66,0.13,0.7803,405557.0,677306.468,3.924
301301.SZ,20240813,11.72,11.81,11.52,11.75,11.81,-0.06,-0.508,214159.59,249533.498,1.024
300940.SZ,20240813,11.58,11.83,11.4,11.81,11.51,0.3,2.6064,12023.8,14040.843,1.61
920370.BJ,20240813,1.96,1.99,1.92,1.97,2.01,-0.04,-1.99,43388.11,8450.495,4.7795
002493.SZ,20240813,9.13,9.18,9.04,9.14,9.12,0.02,0.2193,88919.5,80932.887,15.466
300151.SZ,20240813,15.55,15.82,15.19,15.63,15.58,0.05,0.3209,39578.85,61369.237,8.391
688329.SH,20240813,13.61,13.78,13.47,13.69,13.65,0.04,0.293,2302.53,3133.6,1.0495
000558.SZ,20240813,2.4,2.47,2.26,2.28,2.35,-0.07,-2.9787,537260.11,124213.489,5.957
688323.SH,20240813,9.86,9.86,9.34,9.58,9.77,-0.19,-1.9447,18491.8,17636.949,1.006
688603.SH,20240813,52.75,53.02,51.3,52.05,52.12,-0.07,-0.1343,7639.38,39759.651,1.006
688009.SH,20240813,5.68,5.76,5.65,5.75,5.66,0.09,1.5901,199890.47,114263.108,1.1771
920227.BJ,20240813,19.48,19.87,19.38,19.85,19.46,0.39,2.0041,1261.93,2480.493,1040.5571
000166.SZ,20240813,4.59,4.64,4.56,4.63,4.58,0.05,1.0917,400946.59,184417.788,1.528
003008.SZ,20240813,17.1,17.48,16.88,17.32,17.2,0.12,0.6977,24365.0,41972.537,1.398
002302.SZ,20240813,5.11,5.19,5.07,5.19,5.13,0.06,1.1696,43884.5,22563.607,4.3671
300026.SZ,20240813,3.53,3.61,3.47,3.54,3.68,-0.14,-3.8043,915186.31,322257.053,49.483
301367.SZ,20240813,68.4,68.82,67.86,68.71,68.6,0.11,0.1603,2433.68,16616.681,1.431
300596.SZ,20240813,23.7,23.87,23.3,23.86,23.79,0.07,0.2942,10119.0,23873.172,1.5774
601208.SH,20240813,6.45,6.51,6.39,6.49,6.45,0.04,0.6202,50426.6,32527.609,3.058
603212.SH,20240813,10.32,10.5,10.04,10.43,10.3,0.13,1.2621,109999.8,112900.411,1.021
300666.SZ,20240813,49.06,50.18,49.06,50.0,49.14,0.86,1.7501,25961.71,128954.648,1.015
688198.SH,20240813,96.04,97.72,95.66,97.05,96.54,0.51,0.5283,556.47,5364.517,1.425
300217.SZ,20240813,3.48,3.52,3.46,3.52,3.49,0.03,0.8596,74023.69,25895.959,13.34
603311.SH,20240813,8.57,8.58,8.43,8.54,8.56,-0.02,-0.2336,8536.0,7253.364,1.1013
002812.SZ,20240813,28.36,28.79,27.76,28.37,28.3,0.07,0.2473,106244.87,299577.068,3.665
300933.SZ,20240813,5.53,5.64,5.46,5.64,5.53,0.11,1.9892,51660.0,28819.842,1.0141
002696.SZ,20240813,3.94,4.0,3.87,4.0,3.91,0.09,2.3018,53309.4,21032.938,3.632
002899.SZ,20240813,12.1,12.18,12.01,12.16,12.09,0.07,0.579,7648.89,9275.083,1.023
600897.SH,20240813,13.04,13.12,12.98,13.05,13.04,0.01,0.0767,11884.32,15497.593,7.421
603966.SH,20240813,6.43,7.03,6.2,7.03,6.39,0.64,10.0156,190900.74,127854.723,2.485
301255.SZ,20240813,27.84,29.95,27.5,28.79,27.83,0.96,3.4495,18429.99,52991.239,1.664
920685.BJ,20240813,7.32,7.37,7.2,7.26,7.33,-0.07,-0.955,2382.08,1730.369,4.3332
688426.SH,20240813,25.6,26.15,24.97,25.51,25.1,0.41,1.6335,18072.8,46336.5,1.218
603489.SH,20240813,19.07,19.46,18.8,19.46,19.16,0.3,1.5658,30746.47,58908.05,2.1385
300848.SZ,20240813,14.03,14.28,14.03,14.21,14.23,-0.02,-0.1405,5134.2,7261.804,5.95
003029.SZ,20240813,17.63,17.71,16.9,17.35,17.8,-0.45,-2.5281,80483.01,139069.143,1.016
603713.SH,20240813,45.99,46.77,45.16,46.29,45.85,0.44,0.9597,11543.0,53001.16,1.025
920790.BJ,20240813,7.41,7.59,7.31,7.49,7.48,0.01,0.1337,17923.51,13256.679,1.1386
920895.BJ,20240813,7.71,7.85,7.62,7.7,7.7,0.0,0.0,3810.61,2937.647,1.9843
300274.SZ,20240813,68.71,70.66,67.7,70.3,68.7,1.6,2.329,188992.98,1306588.108,9.597
688396.SH,20240813,36.8,37.1,36.39,36.71,36.81,-0.1,-0.2717,25848.64,94819.172,1.011
300789.SZ,20240813,12.21,12.45,12.16,12.41,12.31,0.1,0.8123,8353.78,10287.246,3.211
688550.SH,20240813,21.16,21.23,20.84,21.13,21.05,0.08,0.38,15305.89,32126.351,2.713
605259.SH,20240813,12.68,12.7,12.17,12.46,12.47,-0.01,-0.0802,5881.12,7301.573,2.1421
688296.SH,20240813,8.43,8.61,8.34,8.59,8.47,0.12,1.4168,10101.66,8557.668,1.02
300175.SZ,20240813,5.7,5.9,5.58,5.73,5.67,0.06,1.0582,156704.0,89684.38,4.467
000516.SZ,20240813,4.59,4.59,4.5,4.55,4.57,-0.02,-0.4376,106015.5,48105.687,39.873
300223.SZ,20240813,48.41,48.99,48.1,48.6,48.34,0.26,0.5379,35058.03,170085.605,2.658
300103.SZ,20240813,4.37,4.56,4.3,4.45,4.41,0.04,0.907,102382.0,45203.31,5.085
002757.SZ,20240813,11.19,11.27,11.13,11.26,11.16,0.1,0.8961,17097.53,19158.697,2.673
002691.SZ,20240813,4.35,4.41,4.28,4.41,4.36,0.05,1.1468,32504.0,14191.288,1.729
601058.SH,20240813,12.4,12.53,12.24,12.48,12.47,0.01,0.0802,181544.44,224379.794,5.374
600746.SH,20240813,6.18,6.23,6.13,6.23,6.19,0.04,0.6462,16536.0,10223.513,8.33
688651.SH,20240813,24.84,25.2,24.39,25.06,24.84,0.22,0.8857,5286.28,13068.771,1.0021
000911.SZ,20240813,6.37,6.37,6.28,6.34,6.35,-0.01,-0.1575,12816.0,8102.991,1.889
300222.SZ,20240813,5.54,5.64,5.49,5.64,5.55,0.09,1.6216,60117.0,33534.162,6.393
603619.SH,20240813,21.38,21.56,20.74,21.04,20.96,0.08,0.3817,94614.0,199835.13,1.065
002592.SZ,20240813,4.07,4.17,4.03,4.17,4.08,0.09,2.2059,24097.0,9887.872,2.572
300288.SZ,20240813,10.72,10.81,10.53,10.75,10.76,-0.01,-0.0929,35001.0,37309.326,6.1454
600110.SH,20240813,3.06,3.13,3.02,3.12,3.05,0.07,2.2951,172186.5,53152.037,14.364
920375.BJ,20240813,10.24,10.42,10.12,10.3,10.32,-0.02,-0.1938,3633.46,3706.109,1.1377
002008.SZ,20240813,20.1,20.29,19.83,20.24,20.11,0.13,0.6464,122854.93,246540.479,13.332
603725.SH,20240813,6.04,6.09,5.95,6.05,6.03,0.02,0.3317,25563.8,15375.858,2.074
002457.SZ,20240813,7.99,8.25,7.91,8.22,7.98,0.24,3.0075,135741.43,110356.867,2.775
603108.SH,20240813,12.78,12.85,12.53,12.75,12.9,-0.15,-1.1628,98484.0,124846.094,5.6533
600757.SH,20240813,8.05,8.22,8.04,8.2,8.13,0.07,0.861,99123.0,80689.989,8.398
301067.SZ,20240813,19.43,20.25,19.4,20.19,19.41,0.78,4.0185,30903.46,61596.09,1.862
601928.SH,20240813,10.24,10.33,10.06,10.15,10.24,-0.09,-0.8789,100731.0,102799.804,1.5396
920770.BJ,20240813,5.31,5.41,5.22,5.38,5.34,0.04,0.7491,21705.07,11545.44,1.3434
002540.SZ,20240813,5.04,5.08,4.99,5.05,5.04,0.01,0.1984,48635.0,24422.203,9.55
920090.BJ,20240813,2.84,2.96,2.81,2.88,2.87,0.01,0.3484,34404.1,9981.222,5.9458
002670.SZ,20240813,9.1,9.28,9.01,9.28,9.09,0.19,2.0902,457566.0,418374.39,2.333
300953.SZ,20240813,47.73,48.38,47.4,48.14,47.94,0.2,0.4172,3712.0,17754.643,1.005
301111.SZ,20240813,15.88,15.96,15.4,15.69,16.09,-0.4,-2.486,50676.0,79202.5,1.017
603808.SH,20240813,6.29,6.36,6.21,6.33,6.31,0.02,0.317,15558.9,9785.343,2.317
688383.SH,20240813,41.53,42.19,41.24,42.18,41.52,0.66,1.5896,4679.88,19508.38,1.0112
300800.SZ,20240813,9.86,10.35,9.86,10.31,10.42,-0.11,-1.0557,60506.11,61369.889,3.141
301119.SZ,20240813,17.5,17.89,17.36,17.89,17.53,0.36,2.0536,7515.2,13278.95,1.316
688249.SH,20240813,14.78,14.86,14.67,14.86,14.73,0.13,0.8826,36126.72,53356.115,1.0
601577.SH,20240813,7.41,7.56,7.39,7.56,7.39,0.17,2.3004,158732.18,119024.962,1.2747
688016.SH,20240813,96.48,97.05,95.58,96.99,96.52,0.47,0.4869,9078.44,87456.265,1.56
002606.SZ,20240813,7.9,8.03,7.85,7.99,7.9,0.09,1.1392,76438.0,60671.908,4.2226
300622.SZ,20240813,17.79,21.88,17.79,21.88,18.23,3.65,20.0219,212912.34,439401.134,2.2905
002536.SZ,20240813,8.55,8.61,8.47,8.61,8.55,0.06,0.7018,49312.65,42142.758,5.577
603385.SH,20240813,5.56,5.65,5.48,5.6,5.6,0.0,0.0,22017.3,12226.364,1.479
688630.SH,20240813,54.38,55.13,54.06,55.0,54.35,0.65,1.196,6443.65,35176.595,1.016
600795.SH,20240813,5.52,5.55,5.45,5.51,5.52,-0.01,-0.1812,678014.42,372326.8,285.3607
601921.SH,20240813,8.3,8.62,8.18,8.27,8.28,-0.01,-0.1208,332074.0,278497.865,1.129
002875.SZ,20240813,11.0,11.36,10.9,11.12,11.05,0.07,0.6335,36137.0,40220.858,1.717
300167.SZ,20240813,1.68,1.73,1.67,1.69,1.69,0.0,0.0,87773.35,14885.364,6.974
002322.SZ,20240813,14.82,15.08,14.69,14.89,14.82,0.07,0.4723,49343.65,73446.565,5.448
601808.SH,20240813,14.84,14.93,14.69,14.86,14.71,0.15,1.0197,67531.0,99945.027,1.205
688152.SH,20240813,32.6,33.16,32.5,33.09,33.12,-0.03,-0.0906,5774.43,18959.19,1.494
002648.SZ,20240813,16.38,16.44,16.11,16.29,16.35,-0.06,-0.367,74077.22,120216.052,12.607
688665.SH,20240813,23.6,23.9,23.48,23.83,23.64,0.19,0.8037,4697.48,11142.98,1.495
000783.SZ,20240813,5.03,5.08,5.0,5.07,5.01,0.06,1.1976,213060.4,107371.929,6.227
300270.SZ,20240813,5.82,5.83,5.63,5.81,5.74,0.07,1.2195,62025.0,35652.418,6.701
000902.SZ,20240813,11.8,12.05,11.74,11.94,11.74,0.2,1.7036,105970.18,126274.155,3.818
600223.SH,20240813,6.59,6.59,6.46,6.55,6.59,-0.04,-0.607,55617.0,36294.935,1.9401
601377.SH,20240813,5.24,5.28,5.18,5.27,5.24,0.03,0.5725,273105.3,142859.296,2.684
300638.SZ,20240813,11.47,11.63,11.34,11.55,11.47,0.08,0.6975,123155.63,141449.53,8.691
920198.BJ,20240813,5.28,5.45,5.17,5.4,5.33,0.07,1.3133,14239.16,7618.978,4.6156
300723.SZ,20240813,16.29,16.32,15.85,16.08,16.28,-0.2,-1.2285,40584.5,64886.36,2.765
301078.SZ,20240813,5.3,5.34,5.22,5.31,5.33,-0.02,-0.3752,89574.23,47254.253,1.0108
603697.SH,20240813,5.91,5.91,5.8,5.86,5.89,-0.03,-0.5093,15227.2,8911.543,1.642
601616.SH,20240813,2.82,2.85,2.79,2.83,2.81,0.02,0.7117,71734.0,20232.417,2.167
300364.SZ,20240813,18.41,18.53,18.09,18.45,18.37,0.08,0.4355,189130.17,346036.124,4.982
920403.BJ,20240813,9.23,9.29,9.08,9.15,9.22,-0.07,-0.7592,5754.93,5255.526,1.9874
601228.SH,20240813,3.14,3.17,3.12,3.16,3.14,0.02,0.6369,152507.93,47986.969,1.087
002019.SZ,20240813,12.31,12.36,12.13,12.28,12.28,0.0,0.0,47231.54,57693.789,14.71
002482.SZ,20240813,1.64,1.68,1.59,1.64,1.64,0.0,0.0,178861.1,29209.157,8.477
002495.SZ,20240813,1.5,1.52,1.46,1.51,1.5,0.01,0.6667,218049.64,32447.984,9.713
002016.SZ,20240813,6.21,6.22,6.19,6.22,6.2,0.02,0.3226,70690.0,43878.265,7.0078
300072.SZ,20240813,1.96,2.0,1.92,1.99,1.98,0.01,0.5051,174005.99,34291.091,20.403
301167.SZ,20240813,11.21,12.38,11.05,11.98,11.27,0.71,6.2999,66167.92,78436.508,1.449
000762.SZ,20240813,17.63,17.89,17.39,17.79,17.63,0.16,0.9075,67812.0,119569.624,5.5134
002780.SZ,20240813,8.69,8.72,8.48,8.68,8.64,0.04,0.463,39212.56,33776.156,1.956
300135.SZ,20240813,2.49,2.66,2.47,2.63,2.49,0.14,5.6225,353995.0,90935.964,12.34
688309.SH,20240813,11.85,12.07,11.6,11.99,11.85,0.14,1.1814,3112.87,3679.162,1.013
688282.SH,20240813,21.7,22.42,21.62,22.42,21.73,0.69,3.1753,2852.45,6336.487,1.024
301306.SZ,20240813,34.57,35.04,33.58,34.2,34.13,0.07,0.2051,29319.0,100106.955,1.004
001222.SZ,20240813,11.03,11.13,10.87,11.07,11.01,0.06,0.545,7605.4,8392.521,1.451
600237.SH,20240813,4.72,4.78,4.66,4.78,4.72,0.06,1.2712,63682.1,30124.763,4.203
688131.SH,20240813,21.8,21.81,21.2,21.74,21.72,0.02,0.0921,12406.06,26645.212,2.7778
300021.SZ,20240813,3.36,3.41,3.3,3.41,3.37,0.04,1.1869,133894.85,45157.627,11.272
002909.SZ,20240813,3.89,3.9,3.76,3.87,3.81,0.06,1.5748,43557.58,16660.689,3.0214
000920.SZ,20240813,7.25,7.36,7.2,7.36,7.29,0.07,0.9602,21872.27,15969.364,3.229
601162.SH,20240813,2.47,2.69,2.46,2.64,2.46,0.18,7.3171,5817142.36,1504739.134,1.136
920026.BJ,20240813,16.28,16.28,15.86,16.0,16.06,-0.06,-0.3736,1411.89,2255.749,1.0428
301239.SZ,20240813,37.01,37.74,36.65,37.56,37.5,0.06,0.16,18409.0,68177.781,1.012
002055.SZ,20240813,6.01,6.32,5.99,6.19,6.02,0.17,2.8239,177831.27,109557.677,5.984
300456.SZ,20240813,14.17,14.3,14.05,14.3,14.18,0.12,0.8463,59644.81,84599.459,5.778
600515.SH,20240813,3.41,3.42,3.37,3.4,3.41,-0.01,-0.2933,172920.98,58572.031,3.273
300968.SZ,20240813,7.84,8.06,7.82,8.06,7.9,0.16,2.0253,45800.0,36452.719,1.055
300735.SZ,20240813,18.26,18.35,17.97,18.28,18.07,0.21,1.1621,104254.0,189412.196,2.022
000869.SZ,20240813,22.11,22.21,21.74,21.96,22.11,-0.15,-0.6784,11153.0,24470.675,4.95
688513.SH,20240813,33.43,33.93,33.11,33.63,33.7,-0.07,-0.2077,4187.29,14019.617,1.539
300864.SZ,20240813,19.88,20.74,19.76,20.71,20.19,0.52,2.5755,19176.45,38908.706,3.547
603230.SH,20240813,11.12,11.17,10.91,11.1,11.12,-0.02,-0.1799,17932.0,19761.391,1.057
300571.SZ,20240813,18.25,18.66,18.21,18.49,18.49,0.0,0.0,11722.78,21533.473,3.068
000429.SZ,20240813,10.54,10.78,10.51,10.72,10.53,0.19,1.8044,114468.3,122171.403,4.6974
300183.SZ,20240813,10.75,10.9,10.6,10.88,10.66,0.22,2.0638,27785.0,29872.421,5.187
002305.SZ,20240813,1.53,1.55,1.5,1.53,1.55,-0.02,-1.2903,773172.0,117522.11,3.356
603630.SH,20240813,10.01,10.09,9.91,10.08,10.03,0.05,0.4985,10501.92,10501.571,1.407
603889.SH,20240813,6.41,6.48,6.38,6.46,6.41,0.05,0.78,16158.42,10403.206,7.287
002980.SZ,20240813,21.26,21.66,20.86,21.6,21.71,-0.11,-0.5067,16264.0,34692.132,1.136
603866.SH,20240813,5.94,5.95,5.63,5.73,5.77,-0.04,-0.6932,222493.69,127393.149,3.958
688209.SH,20240813,10.15,10.22,10.04,10.21,10.13,0.08,0.7897,21144.68,21389.235,1.018
600157.SH,20240813,1.18,1.18,1.13,1.16,1.18,-0.02,-1.6949,5340864.73,616698.672,50.759
688598.SH,20240813,16.14,16.44,15.78,16.19,16.1,0.09,0.559,51748.4,82803.397,2.2169
600196.SH,20240813,23.75,23.86,23.35,23.57,23.87,-0.3,-1.2568,99280.3,233275.145,14.6453
002553.SZ,20240813,8.7,8.72,8.52,8.72,8.64,0.08,0.9259,30190.0,26086.313,4.837
300181.SZ,20240813,14.95,14.99,14.69,14.95,14.96,-0.01,-0.0668,112328.6,166453.192,7.942
002094.SZ,20240813,2.03,2.06,1.98,2.06,2.02,0.04,1.9802,131309.0,26520.798,5.304
002200.SZ,20240813,5.08,5.11,5.04,5.07,5.05,0.02,0.396,3383.0,1716.886,1.815
688577.SH,20240813,29.19,29.93,29.01,29.76,29.49,0.27,0.9156,3082.88,9111.52,1.45
600310.SH,20240813,3.84,3.9,3.8,3.88,3.89,-0.01,-0.2571,139508.4,53693.875,10.401
000897.SZ,20240813,2.03,2.05,2.01,2.05,2.03,0.02,0.9852,166103.99,33773.951,5.945
301316.SZ,20240813,13.11,13.27,12.78,13.24,13.01,0.23,1.7679,37004.13,48224.188,1.008
600400.SH,20240813,2.18,2.2,2.15,2.19,2.19,0.0,0.0,94262.0,20536.262,13.1622
002399.SZ,20240813,10.12,10.21,10.08,10.18,10.18,0.0,0.0,33232.08,33726.98,3.793
300402.SZ,20240813,12.75,12.96,12.59,12.92,12.69,0.23,1.8125,19396.0,24842.884,1.059
300230.SZ,20240813,3.21,3.27,3.19,3.26,3.23,0.03,0.9288,41853.0,13522.783,7.406
600113.SH,20240813,7.79,7.85,7.73,7.78,7.82,-0.04,-0.5115,19227.2,14975.056,5.017
603786.SH,20240813,47.08,47.49,46.81,47.49,47.08,0.41,0.8709,8996.16,42435.826,1.039
300668.SZ,20240813,16.96,17.4,16.8,17.32,16.96,0.36,2.1226,13133.0,22551.673,2.71
600658.SH,20240813,3.09,3.11,3.03,3.1,3.1,0.0,0.0,83414.48,25646.317,6.843
300614.SZ,20240813,8.88,9.1,8.62,8.97,9.02,-0.05,-0.5543,53241.34,47203.834,1.003
300003.SZ,20240813,12.36,12.39,12.12,12.27,12.41,-0.14,-1.1281,163599.0,199855.651,4.5913
000995.SZ,20240813,9.4,9.47,9.17,9.4,9.61,-0.21,-2.1852,107023.8,99863.984,1.686
600303.SH,20240813,2.55,2.6,2.53,2.58,2.56,0.02,0.7813,67592.01,17320.361,6.606
301206.SZ,20240813,25.26,25.28,24.8,25.22,25.18,0.04,0.1589,3104.0,7773.026,1.571
002001.SZ,20240813,20.51,20.61,20.05,20.2,20.56,-0.36,-1.751,445647.67,900394.245,44.966
600971.SH,20240813,10.15,10.18,9.91,10.01,10.1,-0.09,-0.8911,70735.0,70800.365,12.81
920092.BJ,20240813,17.63,17.75,17.26,17.53,17.54,-0.01,-0.057,3455.86,6047.331,2.1234
920415.BJ,20240813,5.53,5.62,5.52,5.62,5.55,0.07,1.2613,18071.68,10054.395,2.0862
002842.SZ,20240813,5.25,5.28,5.08,5.2,5.11,0.09,1.7613,38045.0,19667.984,2.8
300019.SZ,20240813,11.22,11.31,11.1,11.3,11.22,0.08,0.713,16508.0,18501.597,7.746
301360.SZ,20240813,40.67,46.34,40.4,42.92,40.29,2.63,6.5277,30732.67,133112.292,1.007
002245.SZ,20240813,7.97,8.14,7.97,8.13,7.98,0.15,1.8797,106931.2,86311.629,13.931
600988.SH,20240813,18.4,18.48,17.74,17.98,17.98,0.0,0.0,283301.33,510364.556,5.474
300858.SZ,20240813,13.72,13.85,13.37,13.78,13.79,-0.01,-0.0725,15233.09,20739.947,2.853
301025.SZ,20240813,8.39,8.48,8.26,8.48,8.41,0.07,0.8323,34711.0,29143.51,1.015
920407.BJ,20240813,9.33,9.33,8.8,8.92,9.22,-0.3,-3.2538,9590.56,8563.663,1.6653
002299.SZ,20240813,13.18,13.32,12.94,13.1,13.12,-0.02,-0.1524,54937.18,71974.344,2.575
688359.SH,20240813,27.56,29.6,27.56,29.09,28.37,0.72,2.5379,9070.03,26163.652,1.004
002538.SZ,20240813,4.77,4.82,4.72,4.81,4.78,0.03,0.6276,44646.45,21350.691,5.089
002787.SZ,20240813,6.46,6.52,6.33,6.5,6.48,0.02,0.3086,22482.0,14414.326,2.144
001332.SZ,20240813,23.0,23.38,22.73,23.28,23.0,0.28,1.2174,3755.1,8696.676,1.45
600428.SH,20240813,5.5,5.54,5.44,5.51,5.48,0.03,0.5474,108243.5,59464.538,6.8524
002550.SZ,20240813,5.63,5.7,5.59,5.66,5.67,-0.01,-0.1764,119778.0,67531.893,10.48
920110.BJ,20240813,14.63,14.93,14.63,14.87,14.76,0.11,0.7453,475.5,703.711,1.167
000089.SZ,20240813,6.48,6.53,6.45,6.51,6.48,0.03,0.463,53693.0,34864.097,7.2306
002364.SZ,20240813,5.97,6.14,5.94,6.09,6.01,0.08,1.3311,129679.34,78366.722,6.6801
600089.SH,20240813,13.29,13.34,13.11,13.22,13.33,-0.11,-0.8252,189814.97,250974.243,56.0527
301057.SZ,20240813,11.66,11.7,11.31,11.67,11.59,0.08,0.6903,26756.0,30975.233,1.049
000777.SZ,20240813,15.52,15.55,15.21,15.43,15.45,-0.02,-0.1294,78881.57,121099.929,7.2522
603016.SH,20240813,14.77,14.85,14.56,14.73,14.61,0.12,0.8214,3708.0,5448.299,1.156
300774.SZ,20240813,6.36,6.48,6.2,6.48,6.33,0.15,2.3697,32720.0,20893.549,1.04
601127.SH,20240813,76.8,78.5,76.15,77.36,77.3,0.06,0.0776,222813.14,1718109.897,1.039
603588.SH,20240813,4.91,5.02,4.87,4.99,4.96,0.03,0.6048,151432.9,74996.367,6.54
603661.SH,20240813,31.96,32.24,31.63,32.14,32.16,-0.02,-0.0622,4548.67,14511.272,1.517
300619.SZ,20240813,17.27,17.61,16.98,17.57,17.27,0.3,1.7371,14569.05,25250.962,1.327
600048.SH,20240813,8.25,8.27,8.14,8.23,8.26,-0.03,-0.3632,617589.39,505916.707,25.853
688333.SH,20240813,49.2,49.53,48.73,49.4,49.04,0.36,0.7341,8258.68,40599.829,2.756
600318.SH,20240813,6.13,6.19,6.09,6.18,6.13,0.05,0.8157,68218.0,41860.727,3.181
920087.BJ,20240813,6.5,6.67,6.43,6.58,6.58,0.0,0.0,20706.44,13525.798,1.2066
688218.SH,20240813,15.31,15.58,15.16,15.46,15.3,0.16,1.0458,10752.08,16522.529,1.038
605056.SH,20240813,9.31,9.35,9.18,9.33,9.34,-0.01,-0.1071,18761.0,17368.62,1.093
601860.SH,20240813,2.48,2.52,2.48,2.5,2.49,0.01,0.4016,299622.11,74922.626,1.192
600489.SH,20240813,15.36,15.47,15.12,15.3,15.12,0.18,1.1905,409662.13,627042.621,12.9613
920914.BJ,20240813,7.63,7.73,7.61,7.7,7.68,0.02,0.2604,2005.61,1537.873,1.3164
600037.SH,20240813,5.92,5.96,5.86,5.92,5.92,0.0,0.0,50107.0,29590.828,5.619
300820.SZ,20240813,39.82,39.97,38.99,39.57,39.93,-0.36,-0.9016,19458.32,76607.621,3.499
600563.SH,20240813,82.12,83.88,81.85,83.4,82.47,0.93,1.1277,10942.48,90857.112,2.974
688067.SH,20240813,13.99,14.08,13.72,14.01,13.99,0.02,0.143,4933.26,6870.011,1.0272
002830.SZ,20240813,9.73,9.92,9.62,9.92,9.73,0.19,1.9527,13945.0,13678.196,2.193
600808.SH,20240813,1.96,1.99,1.95,1.98,1.97,0.01,0.5076,153896.01,30330.111,2.519
603985.SH,20240813,10.08,10.2,9.88,10.2,10.08,0.12,1.1905,48495.2,48785.316,4.638
603195.SH,20240813,68.91,69.69,68.2,69.6,69.05,0.55,0.7965,13639.44,94188.091,2.361
601333.SH,20240813,3.52,3.54,3.47,3.51,3.51,0.0,0.0,345645.78,121021.063,1.343
000767.SZ,20240813,2.35,2.37,2.32,2.37,2.35,0.02,0.8511,77643.0,18235.584,10.762
300132.SZ,20240813,3.57,3.59,3.48,3.55,3.56,-0.01,-0.2809,46776.0,16563.297,6.122
688523.SH,20240813,17.02,17.28,16.9,17.27,17.15,0.12,0.6997,14737.92,25237.476,1.011
000422.SZ,20240813,11.29,11.52,11.2,11.52,11.33,0.19,1.677,90287.0,102919.086,15.29
300259.SZ,20240813,2.51,2.58,2.47,2.54,2.52,0.02,0.7937,137960.67,34879.679,16.099
688030.SH,20240813,9.96,10.02,9.79,9.99,9.96,0.03,0.3012,4847.36,4800.209,1.011
600835.SH,20240813,11.68,11.86,11.59,11.82,11.73,0.09,0.7673,85595.0,100222.487,5.674
301221.SZ,20240813,34.28,35.21,34.01,35.2,34.05,1.15,3.3774,16936.0,58641.071,1.016
601233.SH,20240813,12.89,12.98,12.83,12.98,12.88,0.1,0.7764,91196.46,117818.456,3.1856
002177.SZ,20240813,3.27,3.41,3.25,3.36,3.3,0.06,1.8182,268032.1,89408.0,8.9059
300172.SZ,20240813,4.84,5.22,4.72,5.0,4.9,0.1,2.0408,674996.13,334090.331,7.275
003016.SZ,20240813,6.06,6.08,6.0,6.08,6.06,0.02,0.33,4674.0,2825.449,1.164
002583.SZ,20240813,3.86,3.93,3.85,3.92,3.88,0.04,1.0309,213086.0,82825.02,5.633
002307.SZ,20240813,2.81,2.86,2.77,2.86,2.82,0.04,1.4184,63630.65,17991.729,4.2078
600215.SH,20240813,5.98,6.06,5.93,6.04,5.98,0.06,1.0033,35137.0,21040.513,2.2678
300127.SZ,20240813,13.85,14.02,13.81,14.02,13.88,0.14,1.0086,8196.0,11425.897,2.673
603928.SH,20240813,7.49,7.58,7.4,7.57,7.49,0.08,1.0681,13559.4,10192.46,1.528
600758.SH,20240813,2.86,2.87,2.82,2.87,2.85,0.02,0.7018,54640.0,15578.104,2.824
600538.SH,20240813,3.26,3.33,3.19,3.23,3.29,-0.06,-1.8237,50325.01,16187.879,3.082
603959.SH,20240813,1.76,1.76,1.76,1.76,1.85,-0.09,-4.8649,55047.0,9688.272,1.984
002531.SZ,20240813,7.85,7.99,7.75,7.92,7.86,0.06,0.7634,125622.61,98933.075,8.2756
002524.SZ,20240813,3.3,3.37,3.22,3.29,3.29,0.0,0.0,60324.0,19808.525,4.586
605066.SH,20240813,5.15,5.2,5.1,5.2,5.16,0.04,0.7752,39112.25,20218.592,1.367
300557.SZ,20240813,23.38,23.77,23.13,23.77,23.35,0.42,1.7987,9580.9,22493.22,1.348
920061.BJ,20240813,11.84,11.88,11.65,11.88,11.76,0.12,1.0204,3935.75,4636.042,1.159
688041.SH,20240813,73.79,74.98,72.9,73.51,73.7,-0.19,-0.2578,75860.31,559439.748,1.002
300159.SZ,20240813,2.25,2.34,2.2,2.29,2.27,0.02,0.8811,933073.0,212321.799,18.378
002745.SZ,20240813,7.74,7.83,7.69,7.83,7.75,0.08,1.0323,62414.0,48429.448,2.263
603071.SH,20240813,12.43,12.49,12.33,12.41,12.45,-0.04,-0.3213,7406.0,9192.82,1.135
600479.SH,20240813,10.65,10.78,10.6,10.75,10.7,0.05,0.4673,48065.52,51433.59,15.689
002990.SZ,20240813,18.15,18.34,18.03,18.3,18.1,0.2,1.105,11175.0,20322.794,2.074
688512.SH,20240813,6.97,6.99,6.84,6.97,6.86,0.11,1.6035,27363.66,18962.804,1.0
300477.SZ,20240813,2.28,2.42,2.25,2.36,2.29,0.07,3.0568,230313.77,53853.629,6.453
000820.SZ,20240813,2.59,2.9,2.43,2.81,2.64,0.17,6.4394,548934.16,147428.095,1.925
300983.SZ,20240813,15.16,16.36,15.04,15.95,15.27,0.68,4.4532,13764.8,21639.028,2.258
300491.SZ,20240813,13.64,13.75,13.43,13.73,13.68,0.05,0.3655,20790.0,28263.405,1.8391
001366.SZ,20240813,10.74,10.74,10.51,10.68,10.6,0.08,0.7547,18212.0,19356.944,1.02
002453.SZ,20240813,3.77,3.8,3.67,3.76,3.78,-0.02,-0.5291,89759.73,33482.288,4.132
920593.BJ,20240813,16.13,16.61,16.02,16.48,16.12,0.36,2.2333,9889.84,16223.89,2.9365
300335.SZ,20240813,3.92,4.01,3.86,3.98,3.96,0.02,0.5051,101373.22,40021.663,2.701
002496.SZ,20240813,2.49,2.52,2.42,2.5,2.52,-0.02,-0.7937,207248.5,51139.104,14.262
300299.SZ,20240813,3.81,3.82,3.71,3.81,3.8,0.01,0.2632,178638.0,67145.177,8.101
300185.SZ,20240813,1.84,1.88,1.83,1.88,1.83,0.05,2.7322,258520.62,48222.239,8.94
000010.SZ,20240813,1.73,1.74,1.64,1.71,1.82,-0.11,-6.044,556174.0,94323.28,10.775
300937.SZ,20240813,20.97,21.07,20.18,20.5,20.88,-0.38,-1.8199,18202.0,37122.677,1.02
002902.SZ,20240813,17.75,17.84,17.55,17.83,17.7,0.13,0.7345,45745.09,81010.105,1.514
688095.SH,20240813,38.98,39.23,38.4,39.0,38.95,0.05,0.1284,7375.86,28539.826,1.94
002997.SZ,20240813,27.4,27.79,27.29,27.72,27.39,0.33,1.2048,14882.15,40931.952,1.046
920010.BJ,20240813,3.79,3.88,3.72,3.81,3.77,0.04,1.061,14835.18,5639.866,3.8617
603399.SH,20240813,6.16,6.19,6.03,6.18,6.1,0.08,1.3115,39402.0,24097.269,1.471
603926.SH,20240813,7.96,8.06,7.87,8.04,7.92,0.12,1.5152,10983.0,8757.114,2.043
301233.SZ,20240813,38.4,39.1,37.8,39.09,38.77,0.32,0.8254,15041.0,58026.646,1.03
603515.SH,20240813,15.57,15.58,15.31,15.5,15.54,-0.04,-0.2574,8222.64,12687.009,1.5496
002120.SZ,20240813,6.99,7.01,6.86,6.94,6.99,-0.05,-0.7153,123581.0,85535.093,6.495
002128.SZ,20240813,18.24,18.3,17.84,18.03,18.12,-0.09,-0.4967,72644.0,130707.319,3.256
603290.SH,20240813,82.95,84.14,81.66,82.74,82.96,-0.22,-0.2652,25924.6,214436.686,1.433
300528.SZ,20240813,7.05,7.08,6.64,6.77,7.05,-0.28,-3.9716,155609.82,105534.391,1.214
920436.BJ,20240813,7.27,7.4,7.15,7.28,7.34,-0.06,-0.8174,9545.82,6943.419,1.1535
300466.SZ,20240813,5.64,5.69,5.59,5.69,5.64,0.05,0.8865,44109.4,24906.655,5.421
920089.BJ,20240813,8.54,8.78,8.46,8.66,8.55,0.11,1.2865,1993.94,1717.094,1.5586
300994.SZ,20240813,9.26,9.4,9.13,9.32,9.23,0.09,0.9751,11028.8,10215.085,1.321
600704.SH,20240813,4.37,4.4,4.34,4.39,4.36,0.03,0.6881,190299.02,83304.76,22.4347
605081.SH,20240813,14.52,14.52,13.51,13.71,14.59,-0.88,-6.0315,63878.45,88472.033,1.506
300710.SZ,20240813,15.22,15.67,14.92,15.66,15.1,0.56,3.7086,45672.0,70046.614,1.466
002895.SZ,20240813,16.41,16.73,16.28,16.6,16.41,0.19,1.1578,28160.09,46610.014,1.143
603690.SH,20240813,19.79,19.96,19.66,19.94,19.74,0.2,1.0132,27959.85,55411.26,1.221
600507.SH,20240813,3.94,3.97,3.92,3.96,3.94,0.02,0.5076,59640.98,23548.468,25.132
603778.SH,20240813,2.8,2.84,2.71,2.81,2.81,0.0,0.0,175215.0,48318.607,6.313
002366.SZ,20240813,3.43,3.5,3.41,3.5,3.44,0.06,1.7442,100150.0,34577.197,2.332
603359.SH,20240813,3.53,3.59,3.44,3.59,3.54,0.05,1.4124,52711.42,18646.53,2.0725
600111.SH,20240813,16.85,16.95,16.77,16.92,16.82,0.1,0.5945,98077.03,165328.13,20.163
002870.SZ,20240813,29.0,29.4,28.81,29.34,29.0,0.34,1.1724,8125.0,23641.363,1.042
300195.SZ,20240813,4.18,4.24,4.12,4.23,4.18,0.05,1.1962,45788.0,19196.879,3.339
300603.SZ,20240813,6.86,6.98,6.84,6.97,6.88,0.09,1.3081,35840.76,24770.175,2.579
000676.SZ,20240813,5.39,5.43,5.33,5.41,5.38,0.03,0.5576,155990.8,83909.553,10.804
002368.SZ,20240813,15.42,15.5,15.25,15.5,15.41,0.09,0.584,59510.0,91444.782,5.5886
300674.SZ,20240813,9.95,10.06,9.86,10.05,9.95,0.1,1.005,44242.44,44105.369,1.698
601858.SH,20240813,17.48,17.64,17.24,17.43,17.57,-0.14,-0.7968,27653.43,48106.662,1.1383
300352.SZ,20240813,3.74,3.8,3.72,3.79,3.75,0.04,1.0667,74234.0,27919.547,19.287
000930.SZ,20240813,5.09,5.13,5.06,5.13,5.1,0.03,0.5882,66352.0,33804.685,6.346
002616.SZ,20240813,4.24,4.33,4.23,4.33,4.27,0.06,1.4052,48021.0,20613.446,4.735
301096.SZ,20240813,43.41,43.52,42.64,43.51,43.5,0.01,0.023,15529.0,66860.022,1.025
688182.SH,20240813,10.82,11.1,10.77,11.01,10.84,0.17,1.5683,18803.21,20542.372,1.013
688360.SH,20240813,10.94,10.97,10.7,10.84,10.87,-0.03,-0.276,12555.68,13548.666,2.056
300551.SZ,20240813,5.67,5.72,5.51,5.67,5.66,0.01,0.1767,145822.1,81979.945,4.086
603050.SH,20240813,28.0,29.78,27.66,29.78,27.95,1.83,6.5474,59453.66,171086.035,2.249
603167.SH,20240813,7.6,7.71,7.55,7.64,7.62,0.02,0.2625,28289.0,21626.831,1.415
600495.SH,20240813,3.21,3.23,3.17,3.22,3.21,0.01,0.3115,52762.8,16904.734,7.579
920833.BJ,20240813,7.9,7.95,7.7,7.9,7.79,0.11,1.4121,3225.01,2534.421,1.1148
688057.SH,20240813,9.51,9.66,9.36,9.66,9.51,0.15,1.5773,5679.5,5445.341,1.2333
600143.SH,20240813,6.8,6.86,6.72,6.86,6.77,0.09,1.3294,106401.0,72412.163,21.3822
688515.SH,20240813,56.03,57.57,55.82,57.5,56.11,1.39,2.4773,6064.67,34411.698,1.0
300211.SZ,20240813,5.0,5.13,4.92,5.13,5.05,0.08,1.5842,34487.0,17423.209,6.541
300308.SZ,20240813,115.0,118.49,114.1,116.94,113.35,3.59,3.1672,254796.47,2963496.085,6.563
002617.SZ,20240813,5.63,6.04,5.61,5.83,5.54,0.29,5.2347,737510.03,427486.774,7.821
002374.SZ,20240813,1.75,1.8,1.75,1.8,1.77,0.03,1.6949,111620.62,19855.384,6.631
002676.SZ,20240813,4.15,4.25,4.12,4.21,4.15,0.06,1.4458,116924.0,49031.675,4.681
002284.SZ,20240813,6.84,6.97,6.82,6.97,6.85,0.12,1.7518,65224.0,44949.986,6.656
688428.SH,20240813,9.89,9.95,9.77,9.82,9.92,-0.1,-1.0081,24077.69,23730.833,1.0
002216.SZ,20240813,11.19,11.24,11.01,11.1,11.17,-0.07,-0.6267,17425.8,19326.435,10.204
002498.SZ,20240813,3.17,3.21,3.15,3.2,3.16,0.04,1.2658,135124.0,43032.897,8.28
301296.SZ,20240813,7.25,7.3,7.15,7.3,7.24,0.06,0.8287,13426.29,9707.376,1.0089
600172.SH,20240813,2.01,2.03,1.96,2.02,2.0,0.02,1.0,112855.4,22630.44,9.345
920866.BJ,20240813,5.09,5.12,5.06,5.12,5.1,0.02,0.3922,1040.63,528.881,1.3061
000570.SZ,20240813,4.44,4.51,4.4,4.51,4.45,0.06,1.3483,34172.5,15232.625,4.579
688227.SH,20240813,10.82,10.84,10.6,10.83,10.8,0.03,0.2778,4585.19,4910.906,1.012
300542.SZ,20240813,11.92,12.11,11.78,12.08,11.92,0.16,1.3423,64058.0,76604.315,3.4028
002372.SZ,20240813,13.89,13.98,13.72,13.87,13.89,-0.02,-0.144,38529.99,53150.359,9.187
688085.SH,20240813,17.79,18.03,17.52,17.77,17.92,-0.15,-0.8371,4846.71,8581.849,1.234
600755.SH,20240813,6.3,6.33,6.27,6.32,6.28,0.04,0.6369,71362.0,44966.764,27.614
300225.SZ,20240813,5.06,5.1,5.03,5.1,5.06,0.04,0.7905,49375.0,25036.598,7.897
002459.SZ,20240813,10.62,10.77,10.35,10.55,10.71,-0.16,-1.4939,606615.24,636416.898,2.715
300079.SZ,20240813,3.97,4.01,3.91,4.01,3.97,0.04,1.0076,116751.0,46486.182,12.6187
603045.SH,20240813,9.37,9.45,9.25,9.45,9.37,0.08,0.8538,17340.0,16255.551,1.443
688379.SH,20240813,12.95,13.18,12.83,13.13,12.92,0.21,1.6254,4257.8,5551.432,1.029
002123.SZ,20240813,5.91,5.94,5.8,5.91,5.91,0.0,0.0,74873.42,43967.323,7.364
002088.SZ,20240813,11.14,11.19,11.04,11.16,11.12,0.04,0.3597,9746.6,10835.436,6.518
600352.SH,20240813,8.78,8.87,8.75,8.86,8.78,0.08,0.9112,72618.0,64007.512,20.514
002383.SZ,20240813,5.8,5.9,5.77,5.89,5.83,0.06,1.0292,76570.0,44656.983,4.798
603185.SH,20240813,14.8,15.03,14.59,14.85,14.89,-0.04,-0.2686,61055.81,90156.37,3.8416
002046.SZ,20240813,10.52,10.58,10.32,10.51,10.49,0.02,0.1907,95767.06,99960.923,5.172
300644.SZ,20240813,17.36,18.02,17.36,18.0,17.52,0.48,2.7397,36031.0,63930.412,1.8069
000987.SZ,20240813,5.12,5.16,5.06,5.15,5.12,0.03,0.5859,90657.82,46376.703,8.364
920062.BJ,20240813,4.73,4.84,4.72,4.8,4.8,0.0,0.0,2580.87,1231.936,1.4564
688658.SH,20240813,18.3,18.95,18.3,18.95,18.41,0.54,2.9332,25008.53,46746.477,1.116
300322.SZ,20240813,8.88,9.05,8.72,9.03,8.91,0.12,1.3468,203147.97,180610.841,4.433
300204.SZ,20240813,7.6,7.78,7.5,7.7,8.07,-0.37,-4.5849,375276.12,286492.517,7.842
002715.SZ,20240813,11.02,11.33,10.83,11.15,11.0,0.15,1.3636,24111.0,26608.22,1.51
300860.SZ,20240813,20.93,21.55,20.53,21.35,20.82,0.53,2.5456,14816.28,31205.603,2.718
920735.BJ,20240813,21.89,21.89,21.33,21.67,21.7,-0.03,-0.1382,822.8,1774.34,1.9113
600483.SH,20240813,10.14,10.2,10.02,10.07,10.14,-0.07,-0.6903,67976.85,68556.331,3.759
605186.SH,20240813,20.9,20.92,20.3,20.8,20.95,-0.15,-0.716,14303.5,29487.855,1.011
688606.SH,20240813,52.12,52.27,51.18,52.05,52.16,-0.11,-0.2109,4020.02,20797.013,1.749
600826.SH,20240813,5.36,5.39,5.3,5.37,5.35,0.02,0.3738,10736.61,5741.909,7.5064
603019.SH,20240813,39.03,39.52,38.91,39.5,38.94,0.56,1.4381,169457.11,665270.183,4.062
000852.SZ,20240813,5.38,5.5,5.36,5.48,5.39,0.09,1.6698,48252.37,26305.231,5.479
920270.BJ,20240813,6.79,6.91,6.76,6.91,6.89,0.02,0.2903,789.15,538.617,2.8044
688071.SH,20240813,17.36,17.8,17.08,17.7,17.37,0.33,1.8998,7244.85,12664.948,1.0
603979.SH,20240813,40.99,41.55,40.81,41.26,40.79,0.47,1.1522,41254.59,169948.396,1.6366
000698.SZ,20240813,2.62,2.7,2.56,2.63,2.74,-0.11,-4.0146,308436.96,80587.874,3.07
688631.SH,20240813,53.88,54.98,52.66,53.47,54.08,-0.61,-1.128,18744.78,100446.174,1.007
301349.SZ,20240813,24.46,24.62,23.77,24.33,24.13,0.2,0.8288,5140.5,12439.392,1.533
688056.SH,20240813,20.58,20.98,20.49,20.95,20.5,0.45,2.1951,3251.55,6773.663,1.055
002644.SZ,20240813,7.12,7.37,7.06,7.36,7.23,0.13,1.7981,113419.76,82142.982,5.729
300074.SZ,20240813,3.1,3.17,3.06,3.17,3.1,0.07,2.2581,72908.0,22764.773,13.441
600158.SH,20240813,7.05,7.11,6.98,7.08,7.08,0.0,0.0,73424.0,51626.679,6.5326
300585.SZ,20240813,11.48,12.7,11.48,12.26,11.65,0.61,5.2361,139069.0,168062.701,2.049
002558.SZ,20240813,9.14,9.2,9.01,9.16,9.15,0.01,0.1093,147559.64,134295.392,4.405
301192.SZ,20240813,16.0,16.24,15.67,15.94,16.02,-0.08,-0.4994,10442.0,16657.578,1.022
603231.SH,20240813,16.05,16.2,15.8,16.14,16.09,0.05,0.3108,13687.09,21885.265,1.0291
688376.SH,20240813,24.41,24.99,24.4,24.91,24.7,0.21,0.8502,4622.21,11422.632,1.013
603303.SH,20240813,12.27,12.53,12.12,12.51,12.33,0.18,1.4599,15724.0,19529.273,2.372
300310.SZ,20240813,3.64,3.67,3.55,3.66,3.68,-0.02,-0.5435,180205.88,64845.983,7.701
300326.SZ,20240813,4.1,4.13,3.98,4.05,4.1,-0.05,-1.2195,130479.54,52477.524,11.4335
300965.SZ,20240813,26.6,26.74,26.2,26.55,26.6,-0.05,-0.188,2613.5,6930.256,1.01
600382.SH,20240813,3.44,3.49,3.44,3.48,3.47,0.01,0.2882,12254.01,4247.576,6.9357
600383.SH,20240813,3.33,3.36,3.24,3.31,3.35,-0.04,-1.194,1448642.92,477554.038,18.987
002749.SZ,20240813,14.64,14.71,14.36,14.67,14.57,0.1,0.6863,10999.01,15969.189,7.088
603165.SH,20240813,10.16,10.2,10.01,10.12,10.13,-0.01,-0.0987,11489.54,11589.911,2.442
002401.SZ,20240813,13.62,13.76,13.5,13.7,13.64,0.06,0.4399,15819.12,21584.844,7.326
920351.BJ,20240813,5.85,5.88,5.82,5.86,5.85,0.01,0.1709,2723.42,1592.944,1.0747
920834.BJ,20240813,4.66,4.72,4.65,4.71,4.68,0.03,0.641,2528.59,1183.198,4.7675
600928.SH,20240813,3.18,3.21,3.17,3.2,3.17,0.03,0.9464,97601.59,31167.63,1.2262
300932.SZ,20240813,9.46,9.73,9.46,9.7,9.6,0.1,1.0417,46692.46,44870.058,1.911
300752.SZ,20240813,11.59,12.48,11.55,11.96,11.58,0.38,3.2815,57857.66,69226.199,2.635
603309.SH,20240813,11.64,11.68,11.47,11.62,11.66,-0.04,-0.3431,18041.0,20854.577,2.941
300320.SZ,20240813,7.26,7.26,7.05,7.16,7.16,0.0,0.0,31644.8,22471.106,8.598
688311.SH,20240813,18.69,18.94,18.36,18.78,18.42,0.36,1.9544,29248.76,54509.885,1.41
601229.SH,20240813,7.22,7.33,7.21,7.31,7.21,0.1,1.387,323870.67,236064.607,3.448
300346.SZ,20240813,26.66,26.96,26.49,26.96,26.63,0.33,1.2392,70114.86,187772.819,11.083
601799.SH,20240813,118.98,119.78,117.01,119.44,118.63,0.81,0.6828,8792.0,103753.447,1.308
920179.BJ,20240813,15.95,16.07,15.88,16.05,15.99,0.06,0.3752,631.74,1009.039,1.0088
001309.SZ,20240813,71.1,72.13,70.7,71.87,70.74,1.13,1.5974,28822.82,206020.183,1.825
603816.SH,20240813,26.25,26.41,25.67,26.37,26.25,0.12,0.4571,53614.09,139888.258,2.149
601330.SH,20240813,5.88,5.95,5.77,5.91,5.88,0.03,0.5102,54940.0,32254.706,1.098
600620.SH,20240813,4.5,4.57,4.4,4.56,4.54,0.02,0.4405,77353.45,34702.573,430.093
601298.SH,20240813,8.96,9.14,8.95,9.02,9.0,0.02,0.2222,71972.0,65093.62,1.2708
300295.SZ,20240813,9.0,9.05,8.71,8.88,9.09,-0.21,-2.3102,148236.0,131074.434,3.869
920981.BJ,20240813,11.06,11.22,10.77,10.97,11.1,-0.13,-1.1712,9249.96,10146.43,1.4288
301095.SZ,20240813,40.3,40.65,39.43,40.25,40.25,0.0,0.0,16135.74,64654.074,1.013
600379.SH,20240813,8.02,8.18,8.0,8.18,8.05,0.13,1.6149,20142.0,16320.636,2.807
688280.SH,20240813,3.72,3.73,3.65,3.71,3.7,0.01,0.2703,22141.33,8178.461,1.0
688530.SH,20240813,17.51,17.82,17.25,17.7,17.58,0.12,0.6826,18255.82,31943.624,1.0
002922.SZ,20240813,16.99,17.2,16.77,17.1,16.96,0.14,0.8255,81436.45,138293.282,1.87
300905.SZ,20240813,22.78,23.36,22.72,23.35,22.81,0.54,2.3674,27383.0,63141.364,2.14
600829.SH,20240813,5.7,5.73,5.56,5.64,5.72,-0.08,-1.3986,40321.0,22659.021,9.9093
600057.SH,20240813,5.17,5.2,5.11,5.15,5.17,-0.02,-0.3868,135698.19,69824.462,12.421
002871.SZ,20240813,9.09,9.09,9.09,9.09,10.1,-1.01,-10.0,9265.0,8421.885,3.8016
300465.SZ,20240813,6.55,6.65,6.49,6.64,6.53,0.11,1.6845,33865.0,22244.962,3.23
301163.SZ,20240813,19.01,19.61,18.89,19.51,19.2,0.31,1.6146,11533.99,22271.898,1.02
002609.SZ,20240813,7.0,7.08,6.95,7.04,7.0,0.04,0.5714,23780.0,16678.664,5.646
002890.SZ,20240813,10.66,10.75,9.33,9.45,10.14,-0.69,-6.8047,153019.4,149450.332,2.646
600548.SH,20240813,10.63,10.73,10.53,10.65,10.59,0.06,0.5666,38732.0,41165.849,3.0066
603319.SH,20240813,14.65,14.75,14.57,14.74,14.66,0.08,0.5457,11167.8,16379.952,2.6554
300499.SZ,20240813,10.7,10.84,10.52,10.84,10.75,0.09,0.8372,64776.85,69422.189,4.15
603162.SH,20240813,9.17,9.24,9.0,9.07,9.17,-0.1,-1.0905,31711.53,28886.621,2.23
605180.SH,20240813,11.02,11.16,10.91,11.16,11.05,0.11,0.9955,10896.0,12037.065,1.7928
600803.SH,20240813,19.08,19.1,18.75,18.84,18.81,0.03,0.1595,56052.0,105976.221,7.0194
600490.SH,20240813,2.25,2.27,2.21,2.26,2.24,0.02,0.8929,172454.45,38652.282,14.102
300925.SZ,20240813,9.24,9.32,9.17,9.3,9.24,0.06,0.6494,39813.89,36813.24,2.928
002514.SZ,20240813,3.88,3.95,3.81,3.94,3.89,0.05,1.2853,68014.0,26432.694,6.661
300031.SZ,20240813,14.36,14.52,14.08,14.3,14.39,-0.09,-0.6254,90844.99,129476.42,6.825
605258.SH,20240813,27.0,28.2,26.88,27.47,27.06,0.41,1.5152,34015.0,93359.451,1.054
301156.SZ,20240813,12.4,12.51,12.07,12.44,12.29,0.15,1.2205,24929.24,30549.548,1.9
600860.SH,20240813,8.3,8.33,8.0,8.2,8.54,-0.34,-3.9813,152653.69,124277.513,1.661
002700.SZ,20240813,10.6,10.98,10.21,10.95,10.63,0.32,3.0103,23831.0,25564.91,6.106
688244.SH,20240813,22.8,23.33,22.59,23.26,22.85,0.41,1.7943,2637.45,6069.646,2.201
300802.SZ,20240813,14.07,14.07,13.61,13.9,13.71,0.19,1.3858,9087.96,12542.465,2.636
300069.SZ,20240813,11.18,11.38,10.8,11.14,11.2,-0.06,-0.5357,42217.0,46577.049,2.011
002390.SZ,20240813,3.44,3.45,3.39,3.43,3.44,-0.01,-0.2907,109752.0,37516.952,10.703
001326.SZ,20240813,33.59,34.18,33.2,34.18,33.49,0.69,2.0603,3887.17,13138.305,1.018
688602.SH,20240813,6.89,6.95,6.79,6.94,6.89,0.05,0.7257,22033.35,15154.576,1.009
002024.SZ,20240813,1.27,1.28,1.26,1.28,1.28,0.0,0.0,87665.0,11135.56,88.051
603305.SH,20240813,9.36,9.46,9.29,9.39,9.43,-0.04,-0.4242,54826.6,51361.496,2.062
002664.SZ,20240813,11.48,11.71,11.48,11.65,11.53,0.12,1.0408,15561.0,18055.158,3.178
002278.SZ,20240813,4.52,4.72,4.43,4.68,4.49,0.19,4.2316,349093.94,160812.27,2.238
600597.SH,20240813,8.35,8.35,8.2,8.27,8.33,-0.06,-0.7203,69005.88,56990.377,2.6237
002517.SZ,20240813,9.44,9.49,9.29,9.44,9.45,-0.01,-0.1058,239703.95,224656.364,6.342
002286.SZ,20240813,6.53,6.53,6.31,6.39,6.44,-0.05,-0.7764,36404.0,23229.126,3.685
301092.SZ,20240813,21.2,21.49,20.77,21.49,21.44,0.05,0.2332,11292.0,23847.687,1.019
600722.SH,20240813,3.73,3.82,3.69,3.8,3.72,0.08,2.1505,31746.41,11934.235,5.892
300177.SZ,20240813,6.61,7.01,6.6,7.01,6.59,0.42,6.3733,525391.5,357823.457,12.276
688258.SH,20240813,20.74,21.15,20.48,21.08,20.7,0.38,1.8357,8193.99,17102.827,1.4167
002801.SZ,20240813,17.71,17.81,17.45,17.76,17.7,0.06,0.339,5764.0,10167.105,4.379
603125.SH,20240813,16.9,17.15,16.78,17.1,17.0,0.1,0.5882,9783.2,16555.842,1.465
600350.SH,20240813,9.01,9.15,8.96,9.09,9.03,0.06,0.6645,90129.0,81659.992,2.978
603648.SH,20240813,7.65,7.74,7.63,7.73,7.63,0.1,1.3106,28012.0,21507.856,1.19
300424.SZ,20240813,12.99,13.12,12.79,13.1,12.93,0.17,1.3148,156033.54,202542.153,1.827
001389.SZ,20240813,37.21,38.06,37.21,38.06,37.16,0.9,2.422,16347.48,61449.117,1.0056
600416.SH,20240813,10.18,10.28,10.12,10.28,10.22,0.06,0.5871,65617.0,66992.523,3.428
002932.SZ,20240813,17.44,17.5,16.66,17.0,17.76,-0.76,-4.2793,50473.03,85699.65,3.783
603367.SH,20240813,13.75,13.89,13.48,13.67,13.61,0.06,0.4409,38244.04,52072.196,1.1467
301363.SZ,20240813,27.84,28.09,27.64,28.08,27.97,0.11,0.3933,4296.0,11972.942,1.015
300440.SZ,20240813,4.81,4.89,4.71,4.85,4.83,0.02,0.4141,58897.12,28325.789,4.238
002215.SZ,20240813,6.73,6.78,6.68,6.78,6.73,0.05,0.7429,56890.0,38335.343,8.65
688505.SH,20240813,6.85,6.9,6.81,6.89,6.84,0.05,0.731,24074.29,16492.401,1.0293
300863.SZ,20240813,36.0,36.9,36.0,36.69,36.58,0.11,0.3007,7257.46,26504.715,2.151
688021.SH,20240813,8.25,8.36,8.1,8.31,8.23,0.08,0.9721,9231.41,7609.114,1.021
600714.SH,20240813,7.22,7.37,7.15,7.34,7.21,0.13,1.8031,18208.0,13221.093,2.654
920284.BJ,20240813,5.55,5.6,5.53,5.57,5.56,0.01,0.1799,3128.86,1740.088,3.5533
301282.SZ,20240813,17.05,17.44,16.96,17.44,16.99,0.45,2.6486,22036.0,38081.875,1.023
002481.SZ,20240813,4.4,4.42,4.29,4.34,4.4,-0.06,-1.3636,140334.0,60810.633,18.682
603273.SH,20240813,16.5,16.56,16.2,16.54,16.43,0.11,0.6695,12629.78,20696.975,1.0057
002798.SZ,20240813,3.28,3.32,3.22,3.3,3.3,0.0,0.0,32362.45,10587.966,3.082
300770.SZ,20240813,32.27,32.53,31.9,32.18,32.29,-0.11,-0.3407,7404.86,23845.367,2.0632
605020.SH,20240813,16.68,16.68,16.06,16.28,16.66,-0.38,-2.2809,30303.6,49184.617,1.4369
688334.SH,20240813,14.63,14.63,14.39,14.55,14.49,0.06,0.4141,5678.92,8226.193,1.017
600999.SH,20240813,14.73,14.77,14.58,14.74,14.66,0.08,0.5457,89585.42,131476.758,2.1244
300884.SZ,20240813,8.22,8.39,8.19,8.39,8.29,0.1,1.2063,24325.89,20165.669,2.238
300743.SZ,20240813,11.61,11.77,11.56,11.74,11.65,0.09,0.7725,14056.0,16400.506,2.318
300981.SZ,20240813,9.79,9.98,9.65,9.79,9.93,-0.14,-1.4099,84070.29,82099.821,2.7459
000728.SZ,20240813,6.42,6.51,6.39,6.5,6.43,0.07,1.0886,202234.71,130563.136,2.91
002163.SZ,20240813,5.77,5.84,5.7,5.82,5.77,0.05,0.8666,30887.0,17882.468,4.664
000519.SZ,20240813,12.56,12.88,12.51,12.74,12.54,0.2,1.5949,229355.02,291012.521,7.9996
603987.SH,20240813,6.45,6.45,6.3,6.37,6.45,-0.08,-1.2403,25851.81,16415.358,2.331
600461.SH,20240813,11.5,11.68,11.45,11.52,11.56,-0.04,-0.346,86355.65,99622.961,5.486
603023.SH,20240813,1.85,1.92,1.84,1.87,1.87,0.0,0.0,76986.19,14385.737,6.911
688330.SH,20240813,19.39,19.55,19.22,19.5,19.38,0.12,0.6192,3946.72,7658.751,1.4935
603139.SH,20240813,13.41,13.64,13.41,13.41,14.9,-1.49,-10.0,27726.0,37200.813,1.029
688392.SH,20240813,33.38,33.38,32.35,33.14,33.14,0.0,0.0,2900.92,9486.682,1.417
002182.SZ,20240813,9.59,9.7,9.54,9.69,9.6,0.09,0.9375,59457.57,57290.601,4.736
000826.SZ,20240813,1.7,1.81,1.66,1.66,1.74,-0.08,-4.5977,1083916.87,185469.488,8.322
603075.SH,20240813,18.14,18.27,18.1,18.18,18.14,0.04,0.2205,6830.66,12420.823,1.024
002063.SZ,20240813,5.12,5.17,5.1,5.15,5.11,0.04,0.7828,100761.05,51740.308,17.9922
300790.SZ,20240813,12.55,13.13,12.55,13.12,12.61,0.51,4.0444,51787.68,66754.731,2.7996
301269.SZ,20240813,74.9,75.14,74.2,74.88,74.8,0.08,0.107,8203.56,61278.18,1.003
603871.SH,20240813,17.74,18.01,17.64,17.8,17.82,-0.02,-0.1122,37326.57,66401.782,11.406
300564.SZ,20240813,8.67,10.51,8.55,10.51,8.76,1.75,19.9772,120933.71,121401.15,1.887
300276.SZ,20240813,3.29,3.38,3.28,3.38,3.3,0.08,2.4242,119826.52,39918.998,16.472
603267.SH,20240813,36.78,37.34,36.64,37.28,36.81,0.47,1.2768,36585.0,135629.485,1.442
603107.SH,20240813,16.1,16.25,15.86,16.16,16.15,0.01,0.0619,33467.09,53762.103,1.017
600592.SH,20240813,8.53,8.62,8.47,8.61,8.56,0.05,0.5841,42804.0,36561.138,3.4942
603657.SH,20240813,10.77,10.84,10.55,10.74,10.61,0.13,1.2253,21647.9,23108.706,1.58
601933.SH,20240813,2.4,2.46,2.33,2.37,2.43,-0.06,-2.4691,2684525.2,639028.19,9.169
603032.SH,20240813,13.18,13.57,12.97,13.39,13.23,0.16,1.2094,61433.6,81577.041,1.694
601789.SH,20240813,3.62,3.63,3.59,3.62,3.61,0.01,0.277,59447.0,21425.677,2.5094
002379.SZ,20240813,5.07,5.12,5.01,5.07,5.08,-0.01,-0.1969,47908.0,24176.718,8.017
688020.SH,20240813,29.27,29.88,29.11,29.84,29.27,0.57,1.9474,4498.36,13250.922,1.022
603389.SH,20240813,5.56,5.7,5.41,5.59,5.7,-0.11,-1.9298,254735.3,141041.59,1.227
300315.SZ,20240813,3.98,4.02,3.95,4.02,3.99,0.03,0.7519,252420.0,100701.89,12.246
601607.SH,20240813,19.47,19.48,19.09,19.45,19.37,0.08,0.413,72362.47,140073.832,10.8157
300702.SZ,20240813,16.38,16.5,16.06,16.34,16.38,-0.04,-0.2442,11554.83,18755.651,2.752
002133.SZ,20240813,2.12,2.14,2.08,2.12,2.11,0.01,0.4739,61762.2,13006.001,3.2608
300277.SZ,20240813,6.18,6.33,6.15,6.33,6.2,0.13,2.0968,20872.0,13070.856,5.356
688552.SH,20240813,15.61,15.65,15.4,15.61,15.51,0.1,0.6447,8430.33,13103.947,1.011
301193.SZ,20240813,14.0,14.35,14.0,14.25,14.18,0.07,0.4937,5295.2,7491.155,1.645
688060.SH,20240813,27.42,27.66,26.91,27.31,27.55,-0.24,-0.8711,2964.84,8077.795,1.012
000410.SZ,20240813,6.37,6.45,6.28,6.35,6.37,-0.02,-0.314,72132.82,45844.308,2.889
920368.BJ,20240813,21.5,21.5,21.15,21.47,21.45,0.02,0.0932,4639.57,9879.89,2.2518
688113.SH,20240813,24.37,24.84,24.16,24.84,24.55,0.29,1.1813,817.36,2010.12,1.018
001328.SZ,20240813,24.7,25.35,24.63,25.35,24.8,0.55,2.2177,12756.0,31946.15,1.0441
301088.SZ,20240813,10.53,10.66,10.48,10.66,10.58,0.08,0.7561,5238.0,5562.856,1.0747
300316.SZ,20240813,27.6,27.73,26.78,27.2,27.77,-0.57,-2.0526,117866.91,320155.351,9.518
301036.SZ,20240813,28.5,29.5,28.21,29.39,28.73,0.66,2.2973,76820.0,221617.207,1.0589
002066.SZ,20240813,7.94,7.95,7.76,7.93,7.94,-0.01,-0.1259,15339.0,12094.573,3.22
603997.SH,20240813,11.27,11.36,11.14,11.25,11.21,0.04,0.3568,18793.71,21109.102,1.703
688169.SH,20240813,214.0,217.57,208.32,213.0,212.58,0.42,0.1976,19761.32,419385.841,2.8364
688733.SH,20240813,12.7,13.09,12.63,13.05,12.69,0.36,2.8369,14971.02,19239.409,1.016
920701.BJ,20240813,12.98,13.14,12.75,12.91,13.03,-0.12,-0.921,9568.66,12406.14,1.3285
600184.SH,20240813,8.7,8.85,8.66,8.82,8.74,0.08,0.9153,19928.0,17455.9,3.316
600180.SH,20240813,3.78,3.82,3.74,3.81,3.78,0.03,0.7937,29992.2,11362.668,3.0869
002056.SZ,20240813,12.09,12.39,12.09,12.37,12.15,0.22,1.8107,75918.04,92651.16,9.447
603551.SH,20240813,10.04,10.12,9.95,10.1,9.99,0.11,1.1011,10470.0,10509.803,1.272
600169.SH,20240813,1.87,1.89,1.85,1.88,1.87,0.01,0.5348,96156.02,18003.321,10.144
600744.SH,20240813,3.06,3.07,3.02,3.05,3.09,-0.04,-1.2945,203843.8,61965.554,4.106
600635.SH,20240813,3.13,3.19,3.11,3.17,3.18,-0.01,-0.3145,550564.14,173133.276,149.6493
301135.SZ,20240813,17.98,18.28,17.79,18.23,17.92,0.31,1.7299,5953.0,10732.073,1.041
603739.SH,20240813,12.29,12.37,12.13,12.33,12.36,-0.03,-0.2427,73253.0,89622.996,1.469
601177.SH,20240813,7.23,7.39,7.14,7.35,7.19,0.16,2.2253,45309.0,33128.343,1.043
002007.SZ,20240813,16.05,16.1,15.71,15.88,16.09,-0.21,-1.3052,74674.2,118167.898,43.419
002970.SZ,20240813,31.23,31.59,30.88,31.53,31.04,0.49,1.5786,18251.0,57027.415,2.088
920017.BJ,20240813,11.32,11.32,10.96,11.07,11.33,-0.26,-2.2948,12017.01,13324.993,1.1035
920970.BJ,20240813,5.28,5.44,5.2,5.44,5.26,0.18,3.4221,11061.52,5864.348,2.1729
002422.SZ,20240813,31.39,31.7,30.89,31.21,31.18,0.03,0.0962,121560.19,380620.846,7.056
603333.SH,20240813,3.22,3.25,3.13,3.25,3.25,0.0,0.0,139675.02,44660.283,1.538
605566.SH,20240813,14.6,14.82,14.51,14.82,14.61,0.21,1.4374,2868.35,4213.92,1.0424
300711.SZ,20240813,14.9,16.63,14.86,15.36,14.84,0.52,3.504,130669.44,202542.072,1.782
001308.SZ,20240813,19.3,19.45,19.21,19.43,19.3,0.13,0.6736,10493.28,20291.58,1.811
301112.SZ,20240813,21.77,21.8,21.31,21.68,21.46,0.22,1.0252,24521.0,53029.158,1.022
600624.SH,20240813,2.96,3.07,2.94,3.04,3.0,0.04,1.3333,171732.74,51699.549,17.667
300334.SZ,20240813,5.16,5.3,5.03,5.26,5.3,-0.04,-0.7547,131191.02,67842.266,2.265
300483.SZ,20240813,7.85,8.28,7.64,7.79,7.9,-0.11,-1.3924,96840.8,77046.752,1.813
000029.SZ,20240813,10.57,10.65,10.45,10.63,10.6,0.03,0.283,21046.0,22229.557,2.291
920802.BJ,20240813,9.0,10.38,8.9,9.55,10.1,-0.55,-5.4455,62740.14,59241.154,1.819
002077.SZ,20240813,11.66,11.88,11.55,11.77,11.67,0.1,0.8569,105182.0,123349.967,1.47
920260.BJ,20240813,5.75,5.82,5.73,5.82,5.8,0.02,0.3448,1293.65,746.369,2.7775
600810.SH,20240813,6.06,6.1,5.95,6.1,6.02,0.08,1.3289,35941.46,21674.714,5.0056
002689.SZ,20240813,2.24,2.27,2.2,2.26,2.25,0.01,0.4444,78757.5,17650.851,3.753
300877.SZ,20240813,10.37,10.65,10.23,10.62,10.4,0.22,2.1154,11331.5,11856.354,1.036
920885.BJ,20240813,6.04,6.04,5.76,5.87,6.01,-0.14,-2.3295,31128.34,18275.764,2.3153
300931.SZ,20240813,5.38,5.46,5.28,5.46,5.35,0.11,2.0561,47340.0,25528.555,1.03
000411.SZ,20240813,9.87,9.9,9.7,9.82,9.8,0.02,0.2041,21735.8,21229.576,3.279
300438.SZ,20240813,17.18,17.79,17.01,17.49,17.21,0.28,1.627,74023.21,128606.767,4.602
002674.SZ,20240813,8.75,8.79,8.66,8.75,8.74,0.01,0.1144,18717.0,16326.35,1.407
603270.SH,20240813,18.3,18.51,18.16,18.51,18.32,0.19,1.0371,8326.38,15299.799,1.01
300462.SZ,20240813,9.9,10.13,9.75,10.06,9.94,0.12,1.2072,103874.05,103728.982,2.069
001230.SZ,20240813,14.63,15.35,14.3,15.33,14.77,0.56,3.7915,28632.08,43027.171,1.233
600594.SH,20240813,3.29,3.3,3.22,3.25,3.29,-0.04,-1.2158,95067.0,30806.266,17.29
300621.SZ,20240813,7.53,7.85,7.45,7.82,7.77,0.05,0.6435,51323.0,39475.871,1.541
603466.SH,20240813,7.04,7.15,6.98,7.1,7.05,0.05,0.7092,41122.51,29060.329,4.481
300615.SZ,20240813,11.72,12.53,11.25,11.89,13.01,-1.12,-8.6088,331411.89,390867.857,2.45
301217.SZ,20240813,9.36,9.49,9.34,9.48,9.36,0.12,1.2821,26883.0,25319.867,1.025
301035.SZ,20240813,38.71,39.02,38.36,38.75,39.01,-0.26,-0.6665,4511.32,17422.113,1.068
002978.SZ,20240813,24.92,25.28,24.85,25.17,24.92,0.25,1.0032,12622.0,31675.693,1.124
300102.SZ,20240813,6.27,6.39,6.14,6.2,6.25,-0.05,-0.8,623200.57,388748.858,5.427
688591.SH,20240813,17.8,18.02,17.6,17.8,17.45,0.35,2.0057,9131.63,16277.233,1.0038
600639.SH,20240813,9.9,9.97,9.84,9.94,9.9,0.04,0.404,28824.7,28535.631,7.2218
601336.SH,20240813,28.89,29.25,28.72,29.23,28.81,0.42,1.4578,62285.48,180653.344,1.2609
600273.SH,20240813,7.7,7.78,7.59,7.71,7.66,0.05,0.6527,141902.0,109309.506,2.008
600353.SH,20240813,5.4,5.45,5.35,5.43,5.39,0.04,0.7421,59108.03,31895.0,10.645
605183.SH,20240813,14.7,15.14,14.65,15.14,14.79,0.35,2.3665,10897.49,16242.363,1.0958
688063.SH,20240813,38.1,39.19,37.56,38.73,38.07,0.66,1.7336,17804.75,68301.392,1.447
300358.SZ,20240813,7.3,7.34,7.2,7.32,7.31,0.01,0.1368,30429.0,22152.08,5.4183
600307.SH,20240813,1.17,1.18,1.16,1.18,1.17,0.01,0.8547,58060.0,6803.584,4.229
000715.SZ,20240813,4.88,4.9,4.77,4.85,4.87,-0.02,-0.4107,72137.0,34832.535,5.128
600026.SH,20240813,14.97,15.02,14.63,14.75,14.79,-0.04,-0.2705,65147.79,96192.956,1.8227
301125.SZ,20240813,9.02,9.25,8.91,9.22,9.09,0.13,1.4301,34853.08,31812.518,2.101
688772.SH,20240813,13.95,14.23,13.75,13.8,13.95,-0.15,-1.0753,113319.72,157998.148,1.0301
600211.SH,20240813,34.52,34.53,33.95,34.52,34.47,0.05,0.1451,30432.38,104159.548,3.155
688690.SH,20240813,17.44,17.6,17.1,17.54,17.44,0.1,0.5734,17718.78,30738.417,1.006
603063.SH,20240813,13.62,13.69,13.35,13.55,13.62,-0.07,-0.514,45684.0,61619.575,1.034
003007.SZ,20240813,22.52,22.55,21.67,22.0,22.33,-0.33,-1.4778,15741.64,34644.763,1.334
000510.SZ,20240813,2.93,2.97,2.88,2.95,2.92,0.03,1.0274,40276.11,11805.674,10.422
600831.SH,20240813,2.01,2.07,2.0,2.06,2.02,0.04,1.9802,127988.45,26066.622,6.488
300357.SZ,20240813,19.46,19.65,19.1,19.38,19.55,-0.17,-0.8696,37719.0,72622.482,5.5437
300767.SZ,20240813,8.13,8.28,8.02,8.25,8.17,0.08,0.9792,25742.6,21015.349,3.051
301003.SZ,20240813,19.62,19.95,19.31,19.86,19.89,-0.03,-0.1508,13257.55,26008.69,1.853
600520.SH,20240813,15.61,16.1,15.29,15.56,15.67,-0.11,-0.702,87803.0,137504.311,2.342
603590.SH,20240813,24.19,24.38,23.88,24.38,24.36,0.02,0.0821,7965.0,19137.569,1.0668
002987.SZ,20240813,9.23,9.32,9.17,9.3,9.23,0.07,0.7584,23732.96,21944.126,3.928
300739.SZ,20240813,11.27,11.65,11.27,11.65,11.37,0.28,2.4626,43579.0,50274.085,2.527
300188.SZ,20240813,10.66,10.75,10.59,10.74,10.66,0.08,0.7505,36205.32,38639.052,13.443
603529.SH,20240813,27.47,27.7,26.87,27.11,27.64,-0.53,-1.9175,34917.8,94805.092,2.2339
300337.SZ,20240813,6.83,7.03,6.83,6.97,6.84,0.13,1.9006,129028.08,89461.441,4.478
000735.SZ,20240813,5.01,5.08,4.94,5.02,5.0,0.02,0.4,262761.14,131492.594,5.884
603131.SH,20240813,13.8,13.91,13.6,13.84,13.78,0.06,0.4354,129996.0,178701.858,2.908
601865.SH,20240813,18.33,18.4,17.72,18.16,18.46,-0.3,-1.6251,216291.79,389248.735,1.0505
603819.SH,20240813,9.42,9.44,9.18,9.39,9.41,-0.02,-0.2125,6763.0,6313.103,1.968
688443.SH,20240813,33.99,33.99,31.31,32.41,33.0,-0.59,-1.7879,27183.6,87837.294,1.0
688291.SH,20240813,14.81,15.07,14.66,15.03,14.83,0.2,1.3486,3382.45,5042.722,1.013
688259.SH,20240813,25.83,26.21,25.28,26.18,25.71,0.47,1.8281,8933.72,23036.937,1.4191
002408.SZ,20240813,5.12,5.19,5.11,5.19,5.13,0.06,1.1696,61363.6,31633.51,9.161
688590.SH,20240813,10.49,10.54,10.34,10.54,10.44,0.1,0.9579,32351.52,33795.85,1.3412
300586.SZ,20240813,5.64,5.7,5.55,5.7,5.62,0.08,1.4235,33383.55,18814.67,6.359
600259.SH,20240813,25.1,25.24,24.86,25.16,24.97,0.19,0.7609,10114.0,25372.321,1.051
603218.SH,20240813,9.9,10.07,9.9,10.02,9.97,0.05,0.5015,39875.0,39765.824,2.0142
002227.SZ,20240813,7.6,7.72,7.49,7.72,7.62,0.1,1.3123,21910.0,16746.994,2.077
603150.SH,20240813,24.33,24.81,24.33,24.79,24.43,0.36,1.4736,5373.0,13259.769,1.032
301186.SZ,20240813,29.88,30.4,29.6,30.4,29.77,0.63,2.1162,5017.06,15072.616,1.038
600773.SH,20240813,10.91,11.19,10.74,11.13,10.96,0.17,1.5511,51585.0,56513.728,6.251
300192.SZ,20240813,11.34,11.48,11.17,11.38,11.33,0.05,0.4413,208223.86,235766.927,3.667
300684.SZ,20240813,14.15,14.54,14.11,14.44,14.23,0.21,1.4758,43799.0,62888.838,3.278
002953.SZ,20240813,7.36,7.45,7.29,7.43,7.36,0.07,0.9511,20576.36,15190.721,2.4589
920768.BJ,20240813,4.5,4.53,4.3,4.35,4.49,-0.14,-3.118,10360.7,4564.093,1.0441
002338.SZ,20240813,26.43,26.89,26.3,26.82,26.49,0.33,1.2458,31516.0,83979.451,3.2701
600502.SH,20240813,4.18,4.24,4.17,4.23,4.19,0.04,0.9547,132122.54,55650.016,15.448
300400.SZ,20240813,11.65,12.1,11.51,11.84,11.84,0.0,0.0,134089.0,157851.547,3.172
600848.SH,20240813,9.34,9.41,9.3,9.39,9.38,0.01,0.1066,26768.21,25033.084,2.9542
002298.SZ,20240813,3.73,3.76,3.63,3.76,3.7,0.06,1.6216,183708.79,68178.079,3.144
603193.SH,20240813,17.74,17.83,17.22,17.39,17.68,-0.29,-1.6403,8618.98,14999.893,1.009
300530.SZ,20240813,14.77,15.67,14.42,15.25,14.67,0.58,3.9536,20029.5,30222.903,2.407
002835.SZ,20240813,14.03,14.28,14.03,14.28,14.1,0.18,1.2766,15263.0,21642.858,2.107
300450.SZ,20240813,15.77,15.96,15.56,15.86,15.79,0.07,0.4433,135705.82,213395.834,20.6165
002675.SZ,20240813,12.28,12.33,12.11,12.32,12.28,0.04,0.3257,29693.0,36224.007,5.257
300407.SZ,20240813,7.69,7.89,7.69,7.88,7.72,0.16,2.0725,37852.1,29620.341,4.199
688185.SH,20240813,41.1,41.65,40.21,40.76,41.83,-1.07,-2.558,19477.36,79289.033,1.005
300611.SZ,20240813,8.01,8.21,7.94,8.18,8.04,0.14,1.7413,36725.0,29734.13,2.089
605162.SH,20240813,6.49,6.58,6.4,6.56,6.52,0.04,0.6135,28340.0,18443.633,1.081
603567.SH,20240813,11.35,11.35,11.18,11.32,11.3,0.02,0.177,19001.24,21373.574,2.1968
688047.SH,20240813,95.82,97.16,95.8,97.0,95.7,1.3,1.3584,16046.41,154834.596,1.0
002277.SZ,20240813,2.23,2.26,2.2,2.25,2.26,-0.01,-0.4425,146107.27,32539.926,6.378
002162.SZ,20240813,2.87,2.87,2.79,2.83,2.85,-0.02,-0.7018,94044.63,26478.65,2.206
000625.SZ,20240813,12.97,13.03,12.68,12.97,13.0,-0.03,-0.2308,1243119.09,1593483.456,15.125
300180.SZ,20240813,3.59,3.64,3.56,3.63,3.57,0.06,1.6807,166943.0,60207.336,7.028
601579.SH,20240813,10.13,10.23,10.04,10.15,10.19,-0.04,-0.3925,25553.0,25858.132,1.113
603276.SH,20240813,13.5,13.64,13.31,13.6,13.58,0.02,0.1473,7597.71,10250.375,1.312
301179.SZ,20240813,15.43,15.55,15.24,15.53,15.43,0.1,0.6481,14839.0,22871.711,2.632
688139.SH,20240813,30.46,30.66,29.8,30.28,30.54,-0.26,-0.8513,19229.8,57916.17,1.037
000544.SZ,20240813,7.26,7.38,7.21,7.36,7.32,0.04,0.5464,66945.0,48883.645,3.976
300471.SZ,20240813,8.31,8.78,8.31,8.63,8.68,-0.05,-0.576,152454.68,129472.492,5.128
600168.SH,20240813,3.94,3.98,3.9,3.98,3.94,0.04,1.0152,35885.6,14165.527,3.303
603355.SH,20240813,21.82,22.17,21.56,21.8,21.91,-0.11,-0.5021,17722.56,38606.889,1.755
600675.SH,20240813,2.56,2.58,2.52,2.56,2.56,0.0,0.0,112019.61,28585.373,43.7095
000801.SZ,20240813,9.62,9.72,9.43,9.59,9.62,-0.03,-0.3119,219758.0,209436.921,14.983
002240.SZ,20240813,12.07,12.41,11.91,12.26,12.07,0.19,1.5742,102257.08,124284.587,1.674
601200.SH,20240813,7.53,7.58,7.45,7.55,7.52,0.03,0.3989,40927.74,30793.352,1.647
000685.SZ,20240813,7.41,7.47,7.37,7.43,7.39,0.04,0.5413,52292.37,38823.565,16.6464
002999.SZ,20240813,5.31,5.34,5.24,5.32,5.3,0.02,0.3774,23194.0,12242.58,1.486
688066.SH,20240813,15.09,15.19,14.78,14.98,15.1,-0.12,-0.7947,51186.78,76371.569,1.408
600816.SH,20240813,2.54,2.57,2.52,2.56,2.54,0.02,0.7874,156181.56,39756.104,30.964
300816.SZ,20240813,18.28,18.45,18.07,18.37,18.26,0.11,0.6024,6804.72,12452.973,1.013
688619.SH,20240813,6.27,6.37,6.21,6.35,6.29,0.06,0.9539,9294.57,5853.434,1.007
000948.SZ,20240813,12.08,12.12,11.9,12.08,12.01,0.07,0.5828,28297.0,33944.824,2.571
603949.SH,20240813,10.24,10.32,10.04,10.2,10.18,0.02,0.1965,11498.0,11667.018,1.53
603615.SH,20240813,11.75,11.86,11.12,11.37,11.78,-0.41,-3.4805,33182.0,37888.679,1.155
300687.SZ,20240813,12.01,12.15,11.9,12.11,12.07,0.04,0.3314,32842.87,39459.023,4.477
002467.SZ,20240813,3.2,3.23,3.16,3.21,3.2,0.01,0.3125,113530.27,36288.389,11.873
002272.SZ,20240813,4.4,4.47,4.33,4.47,4.4,0.07,1.5909,74971.0,33117.566,3.4929
603155.SH,20240813,10.69,10.88,10.57,10.88,10.69,0.19,1.7774,30476.54,32760.914,2.18
000006.SZ,20240813,3.72,3.79,3.67,3.77,3.72,0.05,1.3441,170735.86,63929.884,39.74
300287.SZ,20240813,2.36,2.43,2.32,2.42,2.35,0.07,2.9787,721369.87,171957.375,12.397
002315.SZ,20240813,24.05,24.25,23.87,24.21,24.05,0.16,0.6653,26379.11,63553.109,3.778
001360.SZ,20240813,12.84,13.35,12.66,13.26,12.85,0.41,3.1907,19232.0,24880.121,1.014
600889.SH,20240813,5.18,5.67,5.05,5.67,5.15,0.52,10.0971,450386.11,243017.931,4.643
300859.SZ,20240813,26.1,26.47,25.72,26.11,26.07,0.04,0.1534,34253.0,89317.585,1.012
300663.SZ,20240813,9.06,9.17,8.97,9.1,9.05,0.05,0.5525,52115.5,47125.791,3.382
003022.SZ,20240813,12.99,13.18,12.76,13.08,13.01,0.07,0.538,27556.65,35727.376,1.337
603329.SH,20240813,10.86,10.92,10.71,10.91,10.81,0.1,0.9251,7698.0,8341.491,1.088
000404.SZ,20240813,6.1,6.15,5.97,6.05,6.1,-0.05,-0.8197,146671.0,88382.677,3.802
002314.SZ,20240813,2.04,2.06,2.0,2.05,2.03,0.02,0.9852,125676.0,25573.61,2.393
688391.SH,20240813,25.14,25.4,24.86,25.3,25.1,0.2,0.7968,3308.81,8327.503,2.164
002269.SZ,20240813,1.39,1.41,1.35,1.39,1.39,0.0,0.0,1192397.0,164642.508,4.487
600198.SH,20240813,5.02,5.08,4.99,5.05,5.03,0.02,0.3976,40284.01,20249.763,1.814
300651.SZ,20240813,11.78,11.89,11.56,11.8,11.78,0.02,0.1698,16093.7,18837.891,1.752
300889.SZ,20240813,10.55,10.64,10.32,10.54,10.44,0.1,0.9579,32450.19,34085.625,1.014
600358.SH,20240813,2.48,2.49,2.4,2.48,2.47,0.01,0.4049,71407.0,17483.573,3.527
000988.SZ,20240813,28.63,28.86,28.3,28.74,28.57,0.17,0.595,68412.99,195601.77,10.167
002543.SZ,20240813,9.52,9.52,9.11,9.23,9.29,-0.06,-0.6459,23322.0,21442.328,5.687
600736.SH,20240813,4.31,4.36,4.26,4.32,4.3,0.02,0.4651,69557.87,29955.573,28.4406
002597.SZ,20240813,20.92,21.06,20.2,20.54,20.99,-0.45,-2.1439,37846.74,77791.144,5.279
600941.SH,20240813,100.0,100.98,100.0,100.7,100.14,0.56,0.5592,71467.22,718151.183,1.134
002836.SZ,20240813,6.28,6.32,6.09,6.18,6.24,-0.06,-0.9615,64127.04,39711.296,3.362
300958.SZ,20240813,10.15,10.5,9.96,10.45,10.23,0.22,2.1505,40285.28,41382.305,1.035
002480.SZ,20240813,3.01,3.07,2.98,3.07,3.04,0.03,0.9868,63611.0,19311.843,4.104
920245.BJ,20240813,10.19,10.64,10.18,10.42,10.25,0.17,1.6585,3010.01,3134.598,1.0338
600595.SH,20240813,2.36,2.37,2.32,2.37,2.34,0.03,1.2821,241475.78,56716.692,7.997
600697.SH,20240813,10.15,10.16,9.97,10.08,10.05,0.03,0.2985,17226.0,17300.185,3.221
000430.SZ,20240813,5.76,5.78,5.66,5.73,5.75,-0.02,-0.3478,32037.0,18257.084,4.612
688399.SH,20240813,76.8,77.18,75.64,77.18,76.65,0.53,0.6915,3067.18,23443.703,1.125
300579.SZ,20240813,19.49,19.74,19.35,19.71,19.45,0.26,1.3368,21490.42,42004.546,3.46
000419.SZ,20240813,4.17,4.21,4.14,4.19,4.17,0.02,0.4796,29503.41,12309.75,16.3253
688310.SH,20240813,10.66,10.72,10.3,10.51,10.74,-0.23,-2.1415,33518.87,35064.016,2.12
688370.SH,20240813,16.03,16.12,15.85,16.1,16.03,0.07,0.4367,2424.33,3882.761,1.432
002121.SZ,20240813,3.6,3.67,3.56,3.66,3.62,0.04,1.105,66525.0,24156.068,15.516
688305.SH,20240813,61.0,61.5,60.27,61.5,60.67,0.83,1.3681,2723.38,16562.959,1.004
300650.SZ,20240813,9.05,9.19,8.95,9.17,8.97,0.2,2.2297,31091.36,28249.008,2.993
000009.SZ,20240813,8.14,8.22,8.08,8.16,8.16,0.0,0.0,84284.31,68665.728,8.977
002348.SZ,20240813,2.29,2.31,2.26,2.28,2.28,0.0,0.0,32947.0,7518.306,6.867
601988.SH,20240813,4.65,4.72,4.64,4.7,4.66,0.04,0.8584,1491919.7,699882.04,2.4263
002981.SZ,20240813,17.06,17.39,17.05,17.34,17.06,0.28,1.6413,18003.85,31043.17,1.435
920670.BJ,20240813,9.39,9.49,9.34,9.41,9.43,-0.02,-0.2121,4635.7,4357.613,3.5374
000950.SZ,20240813,4.93,4.94,4.86,4.9,4.93,-0.03,-0.6085,80183.71,39216.093,2.455
300121.SZ,20240813,7.23,7.28,7.16,7.28,7.21,0.07,0.9709,15586.2,11250.413,6.618
300610.SZ,20240813,8.31,8.42,8.23,8.42,8.28,0.14,1.6908,12734.9,10623.213,2.364
002222.SZ,20240813,21.44,21.65,21.26,21.55,21.31,0.24,1.1262,43846.14,93949.321,2.9905
301120.SZ,20240813,8.71,9.05,8.68,8.93,8.76,0.17,1.9406,45941.5,40704.416,1.531
300143.SZ,20240813,7.62,7.62,7.46,7.56,7.59,-0.03,-0.3953,23844.0,17940.46,4.251
688716.SH,20240813,17.33,17.6,17.02,17.22,17.29,-0.07,-0.4049,4104.79,7053.917,1.008
001202.SZ,20240813,10.86,10.94,10.7,10.93,10.83,0.1,0.9234,4691.0,5080.545,1.0792
300338.SZ,20240813,1.82,1.98,1.81,1.92,1.81,0.11,6.0773,344340.07,65679.721,4.396
300886.SZ,20240813,16.93,17.4,16.75,17.21,17.0,0.21,1.2353,15207.9,26052.382,1.311
300488.SZ,20240813,20.07,20.1,19.62,19.87,20.07,-0.2,-0.9965,6371.0,12641.003,2.74
000420.SZ,20240813,3.12,3.16,3.09,3.16,3.11,0.05,1.6077,183532.43,57477.033,6.352
002741.SZ,20240813,10.11,10.23,10.02,10.23,10.09,0.14,1.3875,27429.0,27867.842,3.064
300504.SZ,20240813,11.15,11.35,11.06,11.34,11.17,0.17,1.5219,17479.0,19652.048,1.074
603197.SH,20240813,28.55,28.83,28.21,28.72,28.55,0.17,0.5954,20051.0,57061.441,1.526
002855.SZ,20240813,16.66,17.33,16.63,17.33,16.89,0.44,2.6051,40375.0,69029.559,1.021
600182.SH,20240813,13.43,13.58,13.2,13.49,13.41,0.08,0.5966,10282.0,13790.989,1.2114
000882.SZ,20240813,1.16,1.18,1.14,1.16,1.15,0.01,0.8696,472535.0,54674.547,2.945
600228.SH,20240813,4.61,4.61,4.49,4.58,4.61,-0.03,-0.6508,41246.0,18767.695,2.169
002381.SZ,20240813,6.27,6.39,6.24,6.37,6.27,0.1,1.5949,18117.0,11432.871,6.239
688551.SH,20240813,27.36,27.68,27.06,27.57,27.57,0.0,0.0,2952.67,8059.869,1.036
002009.SZ,20240813,11.2,11.71,11.2,11.49,11.31,0.18,1.5915,158477.73,182296.309,5.396
002552.SZ,20240813,11.01,11.15,10.94,11.07,10.98,0.09,0.8197,17534.0,19335.79,3.135
603456.SH,20240813,13.98,14.07,13.76,13.97,14.08,-0.11,-0.7813,78290.55,108405.988,4.0573
002802.SZ,20240813,8.03,8.09,7.91,8.09,8.03,0.06,0.7472,12483.74,9989.739,2.0837
600373.SH,20240813,13.35,13.42,13.05,13.18,13.35,-0.17,-1.2734,69636.99,91468.383,5.454
688450.SH,20240813,19.93,20.36,19.89,20.36,20.05,0.31,1.5461,1437.15,2898.725,1.0087
300433.SZ,20240813,17.12,17.47,16.92,17.14,17.12,0.02,0.1168,183008.64,313949.915,5.938
600199.SH,20240813,11.97,12.05,11.75,11.91,12.02,-0.11,-0.9151,66620.6,78927.196,4.72
000035.SZ,20240813,4.55,4.59,4.49,4.58,4.55,0.03,0.6593,131821.0,59822.452,4.7135
001299.SZ,20240813,12.08,12.38,11.68,11.75,11.75,0.0,0.0,29980.0,35614.794,1.023
688205.SH,20240813,26.63,28.36,26.6,27.93,26.85,1.08,4.0223,25273.05,70173.24,1.219
600854.SH,20240813,3.86,3.86,3.77,3.83,3.87,-0.04,-1.0336,43254.0,16477.234,6.667
300350.SZ,20240813,4.59,4.64,4.55,4.63,4.63,0.0,0.0,90179.0,41451.113,3.645
601360.SH,20240813,7.09,7.14,7.06,7.14,7.09,0.05,0.7052,276629.0,196482.136,2.08
002404.SZ,20240813,5.37,5.41,5.32,5.41,5.37,0.04,0.7449,30556.0,16395.252,5.761
300154.SZ,20240813,5.17,5.26,5.11,5.25,5.15,0.1,1.9417,18462.0,9598.506,5.586
600605.SH,20240813,27.73,28.2,27.39,27.92,28.0,-0.08,-0.2857,14792.56,41200.482,51.921
920641.BJ,20240813,7.91,7.96,7.67,7.86,7.88,-0.02,-0.2538,14526.35,11325.116,2.8228
688303.SH,20240813,19.98,19.98,19.42,19.75,20.0,-0.25,-1.25,57746.17,113154.23,1.108
603377.SH,20240813,1.46,1.57,1.46,1.52,1.52,0.0,0.0,136791.4,20721.966,1.766
000402.SZ,20240813,2.29,2.29,2.23,2.26,2.29,-0.03,-1.31,330825.43,74589.857,39.142
600802.SH,20240813,2.8,2.85,2.74,2.84,2.81,0.03,1.0676,37141.0,10429.085,3.473
000829.SZ,20240813,7.98,8.02,7.67,7.92,7.97,-0.05,-0.6274,182539.38,143721.563,15.168
603978.SH,20240813,10.69,11.91,10.65,11.71,10.83,0.88,8.1256,171770.62,195770.171,2.016
603868.SH,20240813,37.17,37.38,36.7,37.2,37.2,0.0,0.0,3704.0,13710.754,1.269
600845.SH,20240813,30.43,30.72,30.31,30.52,30.59,-0.07,-0.2288,18581.81,56645.942,14.984
603113.SH,20240813,4.97,5.06,4.93,5.05,5.0,0.05,1.0,37662.0,18865.152,1.132
603585.SH,20240813,10.0,10.09,9.9,10.03,9.99,0.04,0.4004,2800.0,2794.483,2.1299
002036.SZ,20240813,6.39,6.48,6.33,6.45,6.39,0.06,0.939,134096.72,85898.192,7.074
301336.SZ,20240813,29.3,29.58,28.84,29.57,29.03,0.54,1.8601,3226.0,9464.395,1.009
600581.SH,20240813,2.59,2.63,2.57,2.62,2.61,0.01,0.3831,51378.0,13377.778,6.617
002530.SZ,20240813,6.56,6.61,6.52,6.6,6.58,0.02,0.304,42673.6,28015.308,3.346
002242.SZ,20240813,10.51,10.52,10.32,10.45,10.51,-0.06,-0.5709,20992.0,21821.626,5.513
300554.SZ,20240813,21.25,21.96,21.25,21.94,21.33,0.61,2.8598,40937.0,88879.28,1.829
300957.SZ,20240813,45.79,46.0,44.96,45.5,45.87,-0.37,-0.8066,12767.12,57822.885,1.026
603192.SH,20240813,12.83,13.05,12.77,13.05,12.84,0.21,1.6355,9726.3,12601.177,1.399
300052.SZ,20240813,10.2,10.34,9.95,10.29,10.29,0.0,0.0,90898.01,92416.891,2.687
301366.SZ,20240813,27.55,29.0,27.18,27.66,27.12,0.54,1.9912,31091.0,86403.625,1.844
002095.SZ,20240813,11.41,11.47,11.25,11.41,11.41,0.0,0.0,15831.47,17964.226,4.461
002339.SZ,20240813,5.68,5.83,5.65,5.74,5.89,-0.15,-2.5467,269457.09,154253.609,5.525
300275.SZ,20240813,10.0,10.21,10.0,10.21,10.09,0.12,1.1893,21065.0,21342.676,4.651
603718.SH,20240813,6.61,6.78,6.48,6.71,6.65,0.06,0.9023,62260.8,41394.893,2.3487
603181.SH,20240813,8.4,8.5,8.35,8.48,8.41,0.07,0.8323,12297.05,10350.588,3.134
300083.SZ,20240813,5.48,5.69,5.46,5.54,5.5,0.04,0.7273,322518.74,179592.928,8.23
300808.SZ,20240813,16.29,16.29,15.88,16.03,16.04,-0.01,-0.0623,5334.0,8539.682,1.035
002340.SZ,20240813,5.77,5.84,5.75,5.82,5.78,0.04,0.692,363085.2,210241.996,24.4652
688351.SH,20240813,23.04,23.04,22.41,22.71,22.74,-0.03,-0.1319,9675.38,22005.975,1.0
002777.SZ,20240813,13.2,13.28,12.84,12.98,13.19,-0.21,-1.5921,79242.68,103113.8,5.058
600359.SH,20240813,5.8,5.88,5.77,5.84,5.84,0.0,0.0,26850.0,15636.125,1.583
920146.BJ,20240813,4.99,5.13,4.79,4.9,5.06,-0.16,-3.1621,104929.92,51548.84,1.6157
300977.SZ,20240813,15.58,16.66,15.58,16.57,15.94,0.63,3.9523,86182.38,140241.632,3.539
600173.SH,20240813,3.8,3.82,3.74,3.82,3.79,0.03,0.7916,28673.03,10850.077,2.501
000507.SZ,20240813,4.56,4.56,4.51,4.54,4.54,0.0,0.0,30640.35,13888.865,4.776
002361.SZ,20240813,3.19,3.23,3.16,3.23,3.2,0.03,0.9375,66229.0,21199.026,9.882
000703.SZ,20240813,6.32,6.34,6.26,6.31,6.29,0.02,0.318,93501.9,58788.889,9.804
301091.SZ,20240813,28.59,29.56,28.25,29.25,28.55,0.7,2.4518,203166.46,590322.983,2.571
301273.SZ,20240813,15.99,17.37,15.2,17.15,16.35,0.8,4.893,39806.94,65021.684,1.018
300058.SZ,20240813,5.06,5.1,5.03,5.1,5.07,0.03,0.5917,179519.0,90985.099,19.294
605580.SH,20240813,8.42,8.48,8.33,8.44,8.52,-0.08,-0.939,11336.2,9519.47,1.552
603917.SH,20240813,10.3,10.35,10.09,10.35,10.25,0.1,0.9756,15515.0,15885.861,1.507
002983.SZ,20240813,14.83,15.28,14.71,15.28,14.86,0.42,2.8264,14747.89,22230.296,1.633
002323.SZ,20240813,1.08,1.09,1.06,1.09,1.08,0.01,0.9259,290274.33,31289.286,7.759
002081.SZ,20240813,3.15,3.19,3.12,3.18,3.15,0.03,0.9524,74125.0,23477.121,31.642
002762.SZ,20240813,4.97,5.02,4.85,4.94,4.99,-0.05,-1.002,27226.6,13404.098,5.627
002611.SZ,20240813,5.54,5.65,5.54,5.65,5.54,0.11,1.9856,356983.86,199924.803,6.946
603156.SH,20240813,21.79,21.88,21.59,21.72,21.69,0.03,0.1383,24612.0,53449.912,3.563
300009.SZ,20240813,8.76,8.78,8.61,8.7,8.76,-0.06,-0.6849,95340.0,82619.538,19.505
002882.SZ,20240813,13.71,13.95,13.51,13.92,13.72,0.2,1.4577,28361.56,39248.873,1.138
603211.SH,20240813,13.6,13.97,13.6,13.93,13.77,0.16,1.1619,22157.0,30685.167,1.0084
688371.SH,20240813,8.85,9.05,8.6,9.03,8.74,0.29,3.3181,28339.78,25047.946,1.0
600498.SH,20240813,14.44,14.58,14.41,14.58,14.44,0.14,0.9695,52142.0,75527.138,3.7505
603611.SH,20240813,15.18,15.3,15.05,15.27,15.23,0.04,0.2626,21840.8,33095.789,3.395
600166.SH,20240813,2.42,2.47,2.41,2.45,2.44,0.01,0.4098,729046.34,177450.263,26.217
600526.SH,20240813,3.8,3.86,3.72,3.79,3.87,-0.08,-2.0672,201955.0,76200.335,3.902
601588.SH,20240813,1.41,1.42,1.38,1.4,1.4,0.0,0.0,169211.66,23659.061,1.2904
300482.SZ,20240813,25.01,25.01,24.18,24.75,25.09,-0.34,-1.3551,75394.68,185057.147,4.993
603317.SH,20240813,10.64,10.65,10.4,10.54,10.63,-0.09,-0.8467,38493.36,40364.502,2.589
600745.SH,20240813,27.09,27.23,26.75,27.18,27.04,0.14,0.5178,89425.95,241256.853,2.1499
000561.SZ,20240813,6.34,6.44,6.26,6.37,6.34,0.03,0.4732,52170.0,33068.849,2.52
600785.SH,20240813,10.06,10.1,9.9,10.1,10.08,0.02,0.1984,58066.28,58178.02,4.764
003001.SZ,20240813,16.1,17.82,16.1,17.82,16.2,1.62,10.0,64653.03,110339.315,1.3434
688116.SH,20240813,20.0,20.38,19.75,20.27,19.97,0.3,1.5023,36135.12,72564.106,1.5037
000665.SZ,20240813,3.41,3.44,3.38,3.44,3.42,0.02,0.5848,59683.85,20361.459,5.766
688596.SH,20240813,26.55,27.04,26.48,26.94,26.8,0.14,0.5224,18361.2,49075.964,1.021
002884.SZ,20240813,16.08,16.34,16.05,16.33,16.16,0.17,1.052,11285.77,18262.435,5.596
300439.SZ,20240813,9.3,9.32,9.08,9.2,9.37,-0.17,-1.8143,54122.28,49716.876,3.189
600784.SH,20240813,4.77,4.82,4.73,4.8,4.79,0.01,0.2088,18873.38,9013.887,7.4028
301272.SZ,20240813,32.29,32.59,31.94,32.58,32.22,0.36,1.1173,2066.73,6681.909,1.012
603599.SH,20240813,10.76,11.03,10.65,10.94,10.78,0.16,1.4842,41877.85,45367.648,4.6437
600103.SH,20240813,1.76,1.78,1.74,1.76,1.76,0.0,0.0,133552.98,23486.01,5.499
002813.SZ,20240813,26.88,27.55,26.53,27.04,27.1,-0.06,-0.2214,18397.0,49491.228,1.01
300980.SZ,20240813,14.7,14.97,14.6,14.9,14.76,0.14,0.9485,6427.0,9508.891,1.557
300251.SZ,20240813,7.27,7.32,7.12,7.21,7.24,-0.03,-0.4144,146737.28,105622.143,26.836
688046.SH,20240813,10.9,10.9,10.59,10.88,10.87,0.01,0.092,13322.25,14297.923,1.0159
600735.SH,20240813,3.7,3.75,3.65,3.73,3.71,0.02,0.5391,43111.11,15973.255,5.642
605336.SH,20240813,10.69,10.7,10.4,10.54,10.7,-0.16,-1.4953,17452.0,18388.563,1.5231
001965.SZ,20240813,12.3,12.52,12.2,12.37,12.3,0.07,0.5691,166620.76,206232.746,1.2837
601857.SH,20240813,8.79,8.88,8.69,8.79,8.71,0.08,0.9185,1261014.91,1105109.224,1.656
601158.SH,20240813,5.0,5.05,5.0,5.03,5.0,0.03,0.6,68150.0,34260.079,1.791
300558.SZ,20240813,35.1,35.38,34.48,35.05,35.43,-0.38,-1.0725,71141.72,247803.452,1.025
301223.SZ,20240813,15.14,15.18,14.85,15.06,15.14,-0.08,-0.5284,7650.54,11492.256,1.033
300857.SZ,20240813,55.1,56.8,54.48,55.13,55.08,0.05,0.0908,71555.25,397733.444,1.009
301362.SZ,20240813,32.11,32.44,31.78,32.14,32.13,0.01,0.0311,5088.28,16345.305,1.062
300671.SZ,20240813,28.61,29.3,28.45,29.1,28.59,0.51,1.7838,45707.0,131782.869,1.835
300220.SZ,20240813,6.9,7.04,6.82,7.02,6.9,0.12,1.7391,18162.0,12573.834,4.344
300403.SZ,20240813,6.3,6.41,6.29,6.39,6.36,0.03,0.4717,56196.1,35716.238,5.939
688565.SH,20240813,4.81,4.94,4.76,4.94,4.83,0.11,2.2774,15549.17,7565.317,1.421
002598.SZ,20240813,7.23,7.31,7.15,7.3,7.23,0.07,0.9682,23517.92,17019.504,2.4722
603519.SH,20240813,9.12,9.21,9.02,9.21,9.1,0.11,1.2088,10712.0,9758.695,4.7388
002967.SZ,20240813,12.08,12.22,12.01,12.2,12.1,0.1,0.8264,28552.79,34610.917,1.65
688068.SH,20240813,27.76,27.77,26.66,27.0,27.62,-0.62,-2.2448,12270.51,33106.207,1.5705
688536.SH,20240813,82.92,83.76,82.08,83.17,82.72,0.45,0.544,7289.21,60179.289,1.494
600088.SH,20240813,14.35,14.51,14.17,14.36,14.43,-0.07,-0.4851,27068.8,38761.885,3.6121
603499.SH,20240813,15.15,15.56,15.08,15.44,15.35,0.09,0.5863,18689.0,28514.193,2.0085
002396.SZ,20240813,12.6,12.73,12.56,12.71,12.6,0.11,0.873,21405.0,27080.74,3.337
603060.SH,20240813,5.75,5.86,5.63,5.85,5.7,0.15,2.6316,42567.7,24488.588,3.919
002817.SZ,20240813,5.41,5.5,5.4,5.5,5.46,0.04,0.7326,26128.0,14242.155,3.6287
603203.SH,20240813,19.87,20.4,19.72,20.15,20.19,-0.04,-0.1981,13386.3,26733.02,3.1077
600686.SH,20240813,14.4,16.35,13.41,16.35,14.86,1.49,10.0269,1890063.72,2801003.651,13.0658
603986.SH,20240813,78.6,79.16,77.58,78.96,78.19,0.77,0.9848,70069.75,548706.991,5.632
301252.SZ,20240813,26.12,26.89,26.11,26.89,26.33,0.56,2.1269,14188.96,37806.446,1.476
688246.SH,20240813,19.16,19.24,18.81,19.08,19.13,-0.05,-0.2614,8274.84,15671.444,1.0
603216.SH,20240813,9.22,9.22,9.04,9.17,9.17,0.0,0.0,4468.0,4074.47,1.079
002263.SZ,20240813,1.93,1.97,1.92,1.96,1.93,0.03,1.5544,63087.06,12312.265,4.525
603580.SH,20240813,20.35,21.25,19.64,20.92,20.64,0.28,1.3566,117657.96,239907.051,2.047
002753.SZ,20240813,5.68,5.71,5.59,5.7,5.67,0.03,0.5291,19187.96,10868.419,3.771
300726.SZ,20240813,21.7,22.1,21.7,22.08,21.72,0.36,1.6575,21791.0,47804.217,1.066
002982.SZ,20240813,16.81,17.23,16.55,16.84,16.81,0.03,0.1785,29257.4,49296.606,1.417
601089.SH,20240813,14.87,14.94,14.76,14.94,14.85,0.09,0.6061,24980.36,37130.087,1.057
000923.SZ,20240813,13.92,13.96,13.67,13.85,13.82,0.03,0.2171,59508.01,81958.317,1.791
002441.SZ,20240813,7.25,7.36,7.22,7.35,7.25,0.1,1.3793,24317.0,17763.275,5.371
300125.SZ,20240813,3.64,3.84,3.42,3.68,3.66,0.02,0.5464,480918.84,175085.916,4.575
600398.SH,20240813,6.34,6.41,6.3,6.36,6.33,0.03,0.4739,283604.01,179945.195,10.822
300593.SZ,20240813,9.81,9.93,9.7,9.91,9.81,0.1,1.0194,46510.47,45676.033,4.196
600486.SH,20240813,53.43,53.6,53.01,53.49,53.32,0.17,0.3188,5424.1,28919.753,5.1585
603288.SH,20240813,35.56,35.56,34.82,35.01,35.48,-0.47,-1.3247,53003.7,185532.549,8.487
688558.SH,20240813,16.84,17.08,16.72,16.9,16.9,0.0,0.0,4372.77,7372.119,1.068
300215.SZ,20240813,5.1,5.15,4.95,5.03,5.18,-0.15,-2.8958,287549.78,144546.046,18.8482
002819.SZ,20240813,20.01,20.46,20.0,20.4,20.17,0.23,1.1403,16893.1,34278.789,1.3253
600935.SH,20240813,2.29,2.35,2.25,2.35,2.28,0.07,3.0702,241299.0,55672.937,1.026
600884.SH,20240813,7.32,7.5,7.29,7.43,7.38,0.05,0.6775,67584.99,49919.66,28.93
603315.SH,20240813,9.55,9.76,9.43,9.7,9.63,0.07,0.7269,20517.0,19711.564,2.0824
600613.SH,20240813,5.85,5.89,5.68,5.77,5.9,-0.13,-2.2034,85606.0,49316.155,29.207
605196.SH,20240813,8.53,8.63,8.43,8.53,8.53,0.0,0.0,44472.44,37993.149,1.0176
300169.SZ,20240813,5.1,5.43,5.1,5.37,5.12,0.25,4.8828,345001.57,182001.732,3.084
688019.SH,20240813,107.0,109.13,105.72,107.8,107.2,0.6,0.5597,8677.39,93126.39,2.382
300572.SZ,20240813,12.06,12.36,12.04,12.3,12.15,0.15,1.2346,31903.0,38973.987,2.947
920876.BJ,20240813,8.78,8.87,8.65,8.87,8.72,0.15,1.7202,7480.55,6537.191,2.7243
688173.SH,20240813,9.22,9.34,9.13,9.34,9.16,0.18,1.9651,20835.46,19238.326,1.0
600858.SH,20240813,4.14,4.15,4.05,4.1,4.12,-0.02,-0.4854,42006.0,17183.386,6.949
002501.SZ,20240813,1.08,1.08,1.06,1.08,1.08,0.0,0.0,142453.0,15270.283,7.536
300507.SZ,20240813,5.57,5.76,5.56,5.75,5.58,0.17,3.0466,198912.8,113092.713,10.889
600115.SH,20240813,3.82,3.83,3.74,3.79,3.81,-0.02,-0.5249,401648.5,151350.319,1.387
603605.SH,20240813,86.66,87.25,85.8,86.45,86.98,-0.53,-0.6093,11812.32,101988.608,2.05
301013.SZ,20240813,9.23,9.45,9.17,9.45,9.23,0.22,2.3835,45530.0,42578.678,1.507
002148.SZ,20240813,4.38,4.44,4.34,4.43,4.39,0.04,0.9112,62675.17,27502.451,10.581
300637.SZ,20240813,8.65,9.14,8.62,9.09,8.63,0.46,5.3302,182400.0,162067.735,1.983
601216.SH,20240813,3.76,3.78,3.73,3.78,3.76,0.02,0.5319,165576.98,62325.959,17.578
002666.SZ,20240813,3.5,3.57,3.45,3.57,3.51,0.06,1.7094,39193.0,13800.992,4.797
300729.SZ,20240813,13.96,14.06,13.78,14.06,13.95,0.11,0.7885,15500.2,21560.193,2.949
601111.SH,20240813,7.2,7.22,7.13,7.2,7.2,0.0,0.0,262616.11,187933.026,1.145
603600.SH,20240813,9.04,9.09,8.91,9.03,9.08,-0.05,-0.5507,13492.5,12142.648,3.247
600618.SH,20240813,8.19,8.27,8.14,8.23,8.26,-0.03,-0.3632,26677.16,21870.391,27.8177
002041.SZ,20240813,8.4,8.43,8.26,8.36,8.4,-0.04,-0.4762,42172.79,35179.762,13.668
300955.SZ,20240813,12.21,12.36,11.94,12.36,12.17,0.19,1.5612,9237.83,11292.219,1.0734
601121.SH,20240813,5.63,5.7,5.58,5.7,5.63,0.07,1.2433,28034.19,15865.919,1.036
600280.SH,20240813,2.8,2.96,2.8,2.8,3.11,-0.31,-9.9678,1167756.73,328304.78,11.473
688038.SH,20240813,8.66,8.7,8.37,8.64,8.54,0.1,1.171,8461.68,7231.474,1.008
002705.SZ,20240813,12.8,12.88,12.6,12.75,12.82,-0.07,-0.546,51773.0,65710.657,2.102
000962.SZ,20240813,9.86,9.88,9.72,9.84,9.78,0.06,0.6135,29098.45,28470.368,3.362
600864.SH,20240813,4.96,5.04,4.94,5.03,4.98,0.05,1.004,167821.02,83690.213,10.574
301108.SZ,20240813,23.23,23.55,23.23,23.48,23.42,0.06,0.2562,1684.0,3942.874,1.048
603344.SH,20240813,20.88,20.97,20.64,20.97,20.84,0.13,0.6238,11534.34,23998.028,1.0139
301191.SZ,20240813,58.6,59.35,58.18,59.29,58.36,0.93,1.5936,4944.8,29055.229,1.33
300609.SZ,20240813,19.82,20.34,19.78,20.29,19.89,0.4,2.0111,14459.0,29001.751,1.053
002541.SZ,20240813,13.52,13.56,13.18,13.32,13.52,-0.2,-1.4793,37738.3,50271.977,4.304
300708.SZ,20240813,8.69,8.8,8.63,8.79,8.68,0.11,1.2673,76237.2,66493.877,1.852
603042.SH,20240813,9.27,9.5,9.22,9.41,9.25,0.16,1.7297,74225.63,69285.459,1.015
301278.SZ,20240813,31.62,32.99,30.88,32.69,32.02,0.67,2.0924,21917.4,69867.485,1.314
002388.SZ,20240813,3.02,3.1,2.98,3.09,3.02,0.07,2.3179,79115.0,24227.013,3.859
001379.SZ,20240813,26.6,28.0,26.03,28.0,27.61,0.39,1.4125,223623.3,601661.692,1.008
301289.SZ,20240813,39.99,40.25,39.6,40.12,39.62,0.5,1.262,7087.0,28293.228,1.327
002898.SZ,20240813,9.48,9.65,9.35,9.59,9.73,-0.14,-1.4388,73606.15,69793.427,1.1255
002029.SZ,20240813,5.18,5.19,5.13,5.17,5.19,-0.02,-0.3854,24710.26,12745.889,10.265
300843.SZ,20240813,25.25,27.2,25.25,26.54,25.21,1.33,5.2757,94582.71,248173.257,1.015
600909.SH,20240813,4.58,4.64,4.56,4.64,4.57,0.07,1.5317,191759.27,88226.263,1.2516
002141.SZ,20240813,1.14,1.16,1.11,1.14,1.15,-0.01,-0.8696,168441.54,19069.699,8.059
600053.SH,20240813,12.36,12.6,12.29,12.58,12.48,0.1,0.8013,24376.24,30296.831,2.284
000338.SZ,20240813,12.61,13.08,12.61,12.95,12.64,0.31,2.4525,740170.07,956421.1,21.7587
688509.SH,20240813,2.89,2.91,2.82,2.91,2.87,0.04,1.3937,35285.76,10130.358,1.007
920957.BJ,20240813,6.83,6.89,6.42,6.75,6.93,-0.18,-2.5974,6905.72,4592.714,20.0438
920873.BJ,20240813,2.86,3.13,2.8,3.13,2.88,0.25,8.6806,69668.46,20991.195,1.9083
002402.SZ,20240813,9.52,9.58,9.42,9.55,9.51,0.04,0.4206,81252.37,77132.811,12.477
300787.SZ,20240813,10.43,10.92,10.37,10.89,10.44,0.45,4.3103,46240.6,49610.29,3.536
688719.SH,20240813,22.75,22.93,22.53,22.84,22.75,0.09,0.3956,2234.55,5067.845,1.416
600406.SH,20240813,23.53,24.05,23.51,23.8,23.53,0.27,1.1475,193120.99,460956.058,50.51
300078.SZ,20240813,2.72,2.74,2.61,2.73,2.76,-0.03,-1.087,509694.74,135884.106,12.695
600671.SH,20240813,6.64,6.71,6.56,6.64,6.74,-0.1,-1.4837,3152.0,2093.05,3.269
603213.SH,20240813,7.35,7.43,7.18,7.43,7.34,0.09,1.2262,12371.0,9040.415,1.106
000692.SZ,20240813,3.04,3.11,3.01,3.1,3.04,0.06,1.9737,49660.86,15277.338,12.19
600547.SH,20240813,29.3,29.5,28.71,28.97,28.88,0.09,0.3116,170713.46,495034.993,22.1555
603189.SH,20240813,10.49,10.72,10.36,10.68,10.49,0.19,1.8112,32778.0,34713.968,1.037
603115.SH,20240813,9.99,9.99,9.81,9.98,9.91,0.07,0.7064,6336.0,6273.47,1.2386
002659.SZ,20240813,3.41,3.45,3.35,3.42,3.38,0.04,1.1834,203476.94,69365.492,2.029
688327.SH,20240813,8.41,8.5,8.31,8.45,8.39,0.06,0.7151,112485.61,94495.692,1.4
600392.SH,20240813,7.82,7.9,7.76,7.87,7.79,0.08,1.027,86029.0,67298.295,10.0735
688787.SH,20240813,42.85,43.82,42.72,43.82,43.25,0.57,1.3179,5736.45,24847.927,1.412
000889.SZ,20240813,1.75,1.77,1.72,1.77,1.74,0.03,1.7241,109843.35,19265.135,5.05
002258.SZ,20240813,7.58,7.64,7.49,7.6,7.59,0.01,0.1318,26499.6,20064.199,5.407
600572.SH,20240813,4.45,4.47,4.43,4.47,4.47,0.0,0.0,225049.17,100149.322,16.666
001239.SZ,20240813,14.3,14.54,14.23,14.43,14.41,0.02,0.1388,61897.52,89116.542,1.0
600313.SH,20240813,5.71,5.74,5.59,5.66,5.69,-0.03,-0.5272,111267.0,62846.546,4.197
603833.SH,20240813,50.19,50.79,49.12,50.65,50.4,0.25,0.496,27771.43,139051.127,1.5792
600239.SH,20240813,1.87,1.9,1.86,1.89,1.88,0.01,0.5319,91132.5,17146.615,19.173
300141.SZ,20240813,8.41,8.48,8.14,8.3,8.45,-0.15,-1.7751,80239.0,66402.792,4.715
601006.SH,20240813,6.86,6.9,6.82,6.86,6.86,0.0,0.0,365847.84,250975.026,2.5043
002444.SZ,20240813,24.28,24.52,23.94,24.26,24.48,-0.22,-0.8987,43626.95,105316.855,4.483
920608.BJ,20240813,7.86,7.86,7.77,7.85,7.82,0.03,0.3836,1339.3,1048.048,1.7499
300345.SZ,20240813,6.68,6.83,6.63,6.77,6.76,0.01,0.1479,34862.0,23416.222,4.308
600151.SH,20240813,4.9,4.95,4.72,4.82,5.05,-0.23,-4.5545,433756.28,208638.952,4.769
002593.SZ,20240813,2.73,2.79,2.72,2.79,2.74,0.05,1.8248,68991.0,19068.706,3.438
000011.SZ,20240813,8.3,8.32,7.83,8.0,8.47,-0.47,-5.549,260537.74,208125.738,4.411
002647.SZ,20240813,3.63,3.74,3.52,3.69,3.61,0.08,2.2161,284649.0,103893.943,3.402
600300.SH,20240813,2.44,2.44,2.41,2.42,2.44,-0.02,-0.8197,81453.87,19736.148,7.626
688592.SH,20240813,34.63,34.78,33.91,34.22,34.57,-0.35,-1.0124,2876.36,9856.629,1.005
000900.SZ,20240813,3.82,3.86,3.81,3.86,3.83,0.03,0.7833,75472.26,28992.452,14.883
603177.SH,20240813,7.11,7.29,6.95,7.22,7.18,0.04,0.5571,46862.03,33395.835,1.012
603306.SH,20240813,17.48,17.79,17.4,17.64,17.62,0.02,0.1135,21910.0,38491.618,2.251
000733.SZ,20240813,38.01,39.65,38.01,39.0,38.21,0.79,2.0675,62120.16,241891.888,2.3041
300355.SZ,20240813,2.3,2.38,2.28,2.36,2.32,0.04,1.7241,217197.6,50570.217,10.2733
603299.SH,20240813,9.45,9.56,9.44,9.56,9.47,0.09,0.9504,35928.0,34148.153,1.153
002317.SZ,20240813,12.73,12.78,12.2,12.37,12.9,-0.53,-4.1085,671549.57,836615.307,11.248
002185.SZ,20240813,7.86,8.02,7.86,8.02,7.89,0.13,1.6477,213822.95,170225.128,10.511
000576.SZ,20240813,5.77,5.84,5.71,5.8,5.79,0.01,0.1727,22561.0,13044.668,6.297
002988.SZ,20240813,14.24,14.43,14.18,14.42,14.34,0.08,0.5579,8913.0,12766.87,1.029
002832.SZ,20240813,20.69,20.8,20.25,20.4,20.65,-0.25,-1.2107,42603.3,86776.235,5.349
603122.SH,20240813,5.59,5.61,5.46,5.57,5.65,-0.08,-1.4159,79501.0,43932.69,1.045
688077.SH,20240813,13.73,13.95,13.61,13.92,13.74,0.18,1.31,4046.48,5583.58,1.464
300938.SZ,20240813,18.35,18.49,18.08,18.45,18.34,0.11,0.5998,10820.55,19811.431,2.486
002060.SZ,20240813,3.45,3.53,3.42,3.53,3.46,0.07,2.0231,230927.0,80316.985,4.245
688581.SH,20240813,54.08,54.33,52.87,53.68,53.5,0.18,0.3364,7801.51,41606.72,1.433
002403.SZ,20240813,6.22,6.29,6.08,6.27,6.26,0.01,0.1597,34804.0,21507.599,1.463
603706.SH,20240813,15.16,15.39,15.04,15.32,15.13,0.19,1.2558,10083.0,15377.938,1.262
688096.SH,20240813,5.05,5.19,4.91,5.03,5.06,-0.03,-0.5929,23997.86,12129.68,1.483
603128.SH,20240813,5.49,5.53,5.44,5.53,5.49,0.04,0.7286,63022.0,34645.23,3.1866
300918.SZ,20240813,7.89,7.95,7.8,7.92,7.87,0.05,0.6353,16833.0,13238.868,1.049
002386.SZ,20240813,3.83,3.89,3.79,3.89,3.82,0.07,1.8325,44503.22,17110.227,2.4575
301166.SZ,20240813,27.73,28.0,26.88,27.65,28.64,-0.99,-3.4567,18715.86,51211.329,1.044
002850.SZ,20240813,72.42,74.27,71.13,73.05,72.63,0.42,0.5783,13939.88,100931.501,1.574
603009.SH,20240813,15.79,16.0,15.55,15.92,15.77,0.15,0.9512,79508.0,125551.839,2.624
300602.SZ,20240813,13.06,13.36,13.06,13.33,13.1,0.23,1.7557,41691.85,55244.783,4.774
002439.SZ,20240813,13.96,14.07,13.56,13.78,14.01,-0.23,-1.6417,152882.02,210681.649,8.4178
300413.SZ,20240813,20.43,20.52,20.11,20.37,20.42,-0.05,-0.2449,46015.26,93426.139,1.7499
688231.SH,20240813,12.93,13.13,12.74,13.06,13.0,0.06,0.4615,5490.2,7102.332,1.0216
300219.SZ,20240813,5.18,5.29,5.1,5.29,5.18,0.11,2.1236,53848.0,28121.367,5.413
601609.SH,20240813,5.07,5.11,5.03,5.09,5.07,0.02,0.3945,47825.0,24234.054,1.071
002564.SZ,20240813,3.2,3.26,3.19,3.23,3.21,0.02,0.6231,36711.35,11851.681,3.245
600336.SH,20240813,4.79,4.85,4.74,4.85,4.82,0.03,0.6224,134549.0,64610.795,3.254
300318.SZ,20240813,5.08,5.11,4.99,5.04,5.14,-0.1,-1.9455,71725.0,36185.747,6.444
301162.SZ,20240813,35.1,35.84,35.0,35.63,35.5,0.13,0.3662,8898.0,31519.417,1.435
688168.SH,20240813,25.38,26.05,25.37,25.83,25.32,0.51,2.0142,6399.84,16510.535,1.4231
000531.SZ,20240813,4.82,4.88,4.82,4.87,4.85,0.02,0.4124,21596.2,10461.943,16.08
688098.SH,20240813,4.2,4.23,4.12,4.2,4.19,0.01,0.2387,14156.39,5917.765,1.04
603693.SH,20240813,10.81,11.01,10.75,10.95,10.88,0.07,0.6434,30369.0,33093.76,1.4118
003015.SZ,20240813,10.58,11.19,10.4,10.95,10.78,0.17,1.577,386848.4,418931.585,1.067
300591.SZ,20240813,3.0,3.03,2.95,3.0,3.0,0.0,0.0,79745.0,23889.722,1.311
603806.SH,20240813,15.87,16.08,15.45,15.77,16.25,-0.48,-2.9538,356035.63,558842.158,6.704
688695.SH,20240813,26.89,27.2,26.67,27.1,26.9,0.2,0.7435,4385.67,11795.878,1.0068
003042.SZ,20240813,11.78,11.83,11.61,11.76,11.78,-0.02,-0.1698,9619.3,11267.334,1.317
000768.SZ,20240813,24.98,25.27,24.96,25.22,24.98,0.24,0.9608,79609.4,200052.912,8.571
920857.BJ,20240813,10.33,10.51,10.23,10.37,10.34,0.03,0.2901,1925.09,1990.303,1.1099
601022.SH,20240813,8.22,8.38,8.17,8.25,8.18,0.07,0.8557,61094.0,50492.619,1.026
000691.SZ,20240813,3.8,3.82,3.73,3.75,3.81,-0.06,-1.5748,44436.6,16828.72,3.055
688669.SH,20240813,10.08,10.14,9.9,10.14,10.08,0.06,0.5952,4816.94,4831.394,1.3468
300919.SZ,20240813,27.97,28.52,27.75,28.35,28.06,0.29,1.0335,41162.59,115862.124,1.44
601000.SH,20240813,5.1,5.16,5.03,5.1,5.09,0.01,0.1965,232756.25,118332.939,6.879
601778.SH,20240813,2.34,2.42,2.31,2.4,2.36,0.04,1.6949,344162.0,81849.852,1.014
600078.SH,20240813,5.08,5.11,4.99,5.08,5.08,0.0,0.0,57160.0,28917.976,6.7429
300505.SZ,20240813,11.57,11.79,11.41,11.78,11.56,0.22,1.9031,49746.0,57994.343,2.024
300354.SZ,20240813,31.48,31.78,30.81,31.03,31.49,-0.46,-1.4608,9241.0,28811.404,3.2967
002474.SZ,20240813,4.15,4.21,4.11,4.19,4.16,0.03,0.7212,62781.95,26106.346,6.273
000628.SZ,20240813,39.34,39.64,39.01,39.64,39.3,0.34,0.8651,79278.5,311894.838,3.179
002940.SZ,20240813,12.79,12.83,12.48,12.59,12.73,-0.14,-1.0998,20339.0,25588.0,2.292
688080.SH,20240813,23.68,23.79,23.25,23.78,23.5,0.28,1.1915,8494.95,19993.238,1.423
920806.BJ,20240813,8.03,8.08,7.95,8.07,8.06,0.01,0.1241,26984.52,21619.238,1.0124
002614.SZ,20240813,5.45,5.5,5.4,5.5,5.47,0.03,0.5484,20564.0,11222.007,5.564
688419.SH,20240813,27.1,27.65,26.8,27.65,27.05,0.6,2.2181,7711.6,21105.138,1.017
300112.SZ,20240813,6.62,6.76,6.57,6.75,6.63,0.12,1.81,28403.0,19026.635,4.002
002072.SZ,20240813,4.18,4.22,3.95,4.05,4.19,-0.14,-3.3413,280216.97,113368.849,1.107
000888.SZ,20240813,11.57,11.6,11.37,11.58,11.48,0.1,0.8711,130704.01,150284.413,6.464
603421.SH,20240813,4.1,4.13,3.87,3.98,4.12,-0.14,-3.3981,217452.43,86141.202,1.5027
000488.SZ,20240813,3.64,3.7,3.62,3.7,3.65,0.05,1.3699,138340.53,50812.635,9.767
603887.SH,20240813,5.24,5.3,5.18,5.28,5.24,0.04,0.7634,29341.2,15340.389,2.408
688129.SH,20240813,12.03,12.28,11.92,12.2,11.96,0.24,2.0067,4486.89,5437.823,1.0441
300126.SZ,20240813,4.47,4.62,4.38,4.58,4.46,0.12,2.6906,36053.0,16283.445,3.8982
300236.SZ,20240813,30.52,30.96,30.52,30.95,30.61,0.34,1.1107,11334.0,34843.248,2.574
688160.SH,20240813,34.29,35.28,33.87,34.6,34.18,0.42,1.2288,12973.28,44825.235,1.046
300448.SZ,20240813,4.46,4.53,4.38,4.48,4.49,-0.01,-0.2227,210356.5,93800.748,7.815
600888.SH,20240813,6.63,6.67,6.59,6.67,6.62,0.05,0.7553,44595.36,29573.088,13.414
000581.SZ,20240813,16.17,16.29,16.08,16.19,16.17,0.02,0.1237,34917.06,56535.066,6.17
002578.SZ,20240813,2.56,2.6,2.53,2.6,2.55,0.05,1.9608,69682.04,17913.245,5.275
688089.SH,20240813,15.69,15.75,15.46,15.65,15.55,0.1,0.6431,12203.6,19021.021,1.475
600875.SH,20240813,15.9,16.06,15.76,15.93,15.94,-0.01,-0.0627,127044.1,202108.658,3.3237
002901.SZ,20240813,22.5,23.1,21.78,23.02,23.09,-0.07,-0.3032,35600.66,80510.678,1.07
300517.SZ,20240813,8.25,8.43,8.21,8.42,8.27,0.15,1.8138,29824.8,24858.498,1.833
605167.SH,20240813,7.85,7.95,7.72,7.95,7.86,0.09,1.145,23557.0,18530.069,1.019
002456.SZ,20240813,7.54,7.63,7.48,7.6,7.57,0.03,0.3963,439046.53,331449.871,20.444
600869.SH,20240813,3.45,3.7,3.44,3.52,3.45,0.07,2.029,642252.5,228520.598,10.9104
002020.SZ,20240813,10.86,10.91,10.72,10.83,10.93,-0.1,-0.9149,112046.51,121235.125,12.627
603813.SH,20240813,9.53,9.58,9.24,9.57,9.48,0.09,0.9494,7752.0,7327.03,1.081
002297.SZ,20240813,6.1,6.19,6.07,6.17,6.1,0.07,1.1475,61505.63,37716.424,3.015
000690.SZ,20240813,4.51,4.55,4.48,4.52,4.52,0.0,0.0,127086.0,57346.981,47.74
002554.SZ,20240813,2.3,2.35,2.26,2.31,2.28,0.03,1.3158,275222.0,63439.6,7.1802
003002.SZ,20240813,10.17,11.02,10.07,10.7,10.22,0.48,4.6967,60034.0,64019.524,1.074
603799.SH,20240813,22.26,22.54,22.1,22.41,22.26,0.15,0.6739,161231.65,359271.86,2.523
688479.SH,20240813,15.16,15.34,15.14,15.28,15.21,0.07,0.4602,2676.14,4073.442,1.032
600266.SH,20240813,4.44,4.52,4.19,4.26,4.53,-0.27,-5.9603,720349.0,310291.243,6.7467
301158.SZ,20240813,12.35,13.99,12.35,13.1,12.26,0.84,6.8515,65905.84,85825.615,1.034
002377.SZ,20240813,1.73,1.76,1.71,1.75,1.73,0.02,1.1561,90920.0,15830.503,4.335
002119.SZ,20240813,11.0,11.1,10.89,11.1,10.95,0.15,1.3699,79561.3,87609.42,3.802
605155.SH,20240813,9.0,9.06,8.91,9.03,8.99,0.04,0.4449,7592.8,6816.887,2.065
301171.SZ,20240813,12.81,12.96,12.68,12.88,12.81,0.07,0.5464,42321.84,54210.165,1.01
603111.SH,20240813,5.42,5.47,5.4,5.47,5.43,0.04,0.7366,27486.0,14934.772,2.6716
002755.SZ,20240813,11.28,11.39,10.71,11.08,10.82,0.26,2.403,65621.0,72163.012,1.792
600688.SH,20240813,2.76,2.78,2.74,2.77,2.76,0.01,0.3623,151517.5,41838.686,4.065
300740.SZ,20240813,11.59,11.6,11.06,11.29,11.59,-0.3,-2.5884,106276.37,119481.31,2.603
603825.SH,20240813,7.89,8.02,7.87,8.02,7.95,0.07,0.8805,35557.0,28272.61,1.497
002149.SZ,20240813,12.68,12.88,12.61,12.78,12.72,0.06,0.4717,18245.54,23248.804,3.298
300500.SZ,20240813,9.5,10.63,9.5,10.44,10.69,-0.25,-2.3386,88885.46,90294.806,2.742
301201.SZ,20240813,19.23,19.29,18.86,19.1,19.45,-0.35,-1.7995,14922.6,28421.771,1.6402
600030.SH,20240813,18.85,19.08,18.8,19.06,18.87,0.19,1.0069,474724.46,898005.759,6.301
002025.SZ,20240813,45.39,46.58,45.25,45.74,45.39,0.35,0.7711,22053.0,100922.825,6.662
000796.SZ,20240813,3.11,3.15,3.1,3.14,3.11,0.03,0.9646,41003.0,12790.175,4.179
605287.SH,20240813,10.76,10.95,10.62,10.95,10.75,0.2,1.8605,11264.4,12214.165,1.4362
300815.SZ,20240813,11.97,12.48,11.97,12.46,12.07,0.39,3.2312,57616.12,71043.919,3.103
300678.SZ,20240813,22.8,23.1,22.74,23.03,22.8,0.23,1.0088,24824.0,56901.519,2.737
300041.SZ,20240813,7.18,7.28,7.13,7.25,7.2,0.05,0.6944,30693.4,22124.853,8.05
688146.SH,20240813,27.66,27.86,27.46,27.79,27.65,0.14,0.5063,5204.96,14403.971,1.012
300828.SZ,20240813,11.71,11.97,11.58,11.85,11.82,0.03,0.2538,57126.0,66971.807,1.665
603565.SH,20240813,8.62,8.63,8.43,8.49,8.57,-0.08,-0.9335,32041.15,27276.406,3.618
300976.SZ,20240813,44.77,47.99,44.57,47.98,44.95,3.03,6.7408,36189.0,170393.677,1.896
300951.SZ,20240813,26.25,27.12,26.25,26.99,26.38,0.61,2.3124,18685.67,50036.268,2.287
300830.SZ,20240813,5.47,5.56,5.41,5.55,5.47,0.08,1.4625,33294.0,18333.253,1.017
603707.SH,20240813,12.16,12.22,11.94,12.14,12.21,-0.07,-0.5733,31444.34,37953.602,3.8617
000697.SZ,20240813,5.76,5.81,5.67,5.79,5.75,0.04,0.6957,64496.0,37176.862,3.675
300502.SZ,20240813,96.37,99.34,94.65,95.98,95.43,0.55,0.5763,208144.61,2015226.869,8.4973
600019.SH,20240813,6.29,6.3,6.22,6.3,6.27,0.03,0.4785,537381.65,336296.471,3.254
600276.SH,20240813,43.6,43.6,42.4,42.67,43.63,-0.96,-2.2003,227236.19,973012.156,64.9761
688410.SH,20240813,11.69,11.86,11.58,11.72,11.79,-0.07,-0.5937,11085.24,12938.34,2.2546
688237.SH,20240813,18.69,18.84,18.33,18.64,18.63,0.01,0.0537,4893.01,9097.663,1.016
301268.SZ,20240813,14.87,14.97,14.56,14.96,14.78,0.18,1.2179,10813.2,15969.091,1.025
300595.SZ,20240813,15.91,16.05,15.76,16.04,16.01,0.03,0.1874,34976.65,55606.459,12.646
688055.SH,20240813,2.8,2.82,2.75,2.8,2.78,0.02,0.7194,33783.96,9420.484,1.01
603039.SH,20240813,27.5,27.6,27.15,27.47,27.4,0.07,0.2555,4708.04,12893.24,3.751
300870.SZ,20240813,35.66,36.26,35.61,36.26,35.73,0.53,1.4833,7914.0,28444.422,1.018
003032.SZ,20240813,8.23,8.3,8.14,8.3,8.23,0.07,0.8505,74571.0,61360.994,1.005
688617.SH,20240813,347.38,355.58,346.0,354.3,351.0,3.3,0.9402,4809.3,169058.268,1.47
002293.SZ,20240813,7.52,7.56,7.45,7.52,7.53,-0.01,-0.1328,11409.6,8557.516,8.785
002011.SZ,20240813,10.32,10.45,10.29,10.44,10.39,0.05,0.4812,30245.77,31370.175,6.2
603087.SH,20240813,42.98,43.09,42.44,42.97,42.98,-0.01,-0.0233,23348.63,99894.104,1.423
600557.SH,20240813,14.4,14.4,13.84,13.99,14.45,-0.46,-3.1834,147308.91,206297.076,9.117
603067.SH,20240813,12.25,12.6,12.2,12.6,12.28,0.32,2.6059,88762.74,110500.766,2.17
300307.SZ,20240813,5.22,5.28,5.17,5.25,5.22,0.03,0.5747,65656.0,34286.51,2.198
000933.SZ,20240813,16.91,16.99,16.34,16.64,16.88,-0.24,-1.4218,217616.02,360011.767,14.45
300741.SZ,20240813,15.1,15.22,14.96,15.22,15.14,0.08,0.5284,7551.53,11408.773,1.392
920675.BJ,20240813,5.57,5.66,5.53,5.63,5.55,0.08,1.4414,2207.31,1239.879,1.4273
002692.SZ,20240813,3.39,3.48,3.38,3.46,3.42,0.04,1.1696,35281.2,12130.318,4.179
002986.SZ,20240813,10.0,10.03,9.83,10.03,9.95,0.08,0.804,10883.36,10805.747,2.8947
603153.SH,20240813,16.09,16.54,16.03,16.53,16.09,0.44,2.7346,13681.0,22308.087,1.026
920278.BJ,20240813,5.27,5.33,5.03,5.14,5.33,-0.19,-3.5647,14985.71,7719.216,2.083
300085.SZ,20240813,8.2,8.32,8.12,8.32,8.18,0.14,1.7115,50881.24,41854.704,10.985
002860.SZ,20240813,7.79,7.92,7.71,7.92,7.83,0.09,1.1494,19562.2,15313.263,3.784
688257.SH,20240813,14.05,14.23,13.94,14.14,14.02,0.12,0.8559,5390.87,7592.729,2.039
603991.SH,20240813,36.79,37.3,35.61,37.11,37.12,-0.01,-0.0269,8233.0,30231.259,1.012
000757.SZ,20240813,2.86,2.9,2.81,2.88,2.87,0.01,0.3484,163044.56,46598.526,4.024
603161.SH,20240813,9.23,9.26,9.08,9.25,9.14,0.11,1.2035,16065.02,14742.657,1.5053
002864.SZ,20240813,27.86,27.86,26.5,26.8,28.19,-1.39,-4.9308,55301.22,148849.602,1.034
301051.SZ,20240813,22.67,23.38,22.5,23.01,22.9,0.11,0.4803,11870.0,27185.736,2.147
300363.SZ,20240813,12.98,12.98,12.61,12.95,12.95,0.0,0.0,59757.0,76352.463,4.102
601069.SH,20240813,11.71,11.75,11.51,11.64,11.54,0.1,0.8666,66228.0,76868.53,1.017
601163.SH,20240813,14.84,14.9,14.77,14.88,14.84,0.04,0.2695,21299.65,31557.879,1.147
002697.SZ,20240813,4.22,4.25,4.2,4.24,4.24,0.0,0.0,120580.71,50909.652,8.175
002826.SZ,20240813,8.59,8.73,8.48,8.71,8.61,0.1,1.1614,49546.0,42733.29,1.044
688786.SH,20240813,19.99,20.1,19.71,20.0,19.82,0.18,0.9082,2708.21,5398.864,1.464
603297.SH,20240813,56.15,58.23,56.15,57.87,56.4,1.47,2.6064,7014.17,40205.342,1.39
000156.SZ,20240813,6.24,6.33,6.22,6.3,6.25,0.05,0.8,52057.0,32682.745,1.167
300781.SZ,20240813,43.0,43.7,42.43,43.68,42.76,0.92,2.1515,35557.82,152895.677,1.3453
600740.SH,20240813,3.67,3.7,3.63,3.67,3.67,0.0,0.0,71695.52,26260.294,14.456
000669.SZ,20240813,1.35,1.37,1.32,1.34,1.37,-0.03,-2.1898,39790.03,5345.765,3.651
600662.SH,20240813,4.33,4.35,4.23,4.3,4.32,-0.02,-0.463,87940.01,37634.168,61.856
300927.SZ,20240813,15.06,15.56,14.82,15.05,15.12,-0.07,-0.463,45574.04,68783.695,1.862
601963.SH,20240813,6.86,6.92,6.84,6.89,6.85,0.04,0.5839,47882.38,32928.014,1.2054
300404.SZ,20240813,7.68,7.69,7.5,7.66,7.68,-0.02,-0.2604,63086.2,47832.424,4.765
002409.SZ,20240813,54.43,55.2,54.11,54.78,54.42,0.36,0.6615,38289.46,208749.3,3.206
688133.SH,20240813,17.0,17.42,16.8,17.14,17.18,-0.04,-0.2328,10125.02,17185.125,1.979
002426.SZ,20240813,1.56,1.58,1.53,1.58,1.57,0.01,0.6369,327617.06,51148.793,5.267
600838.SH,20240813,5.85,5.86,5.73,5.8,5.82,-0.02,-0.3436,26629.0,15375.431,9.339
300842.SZ,20240813,35.6,36.14,34.89,35.92,35.52,0.4,1.1261,24991.2,88706.924,1.416
600234.SH,20240813,3.07,3.14,2.97,3.07,3.05,0.02,0.6557,32724.0,10032.407,2.353
600516.SH,20240813,4.46,4.51,4.43,4.5,4.45,0.05,1.1236,142278.82,63775.805,13.4455
002620.SZ,20240813,2.6,2.65,2.53,2.63,2.59,0.04,1.5444,173390.59,45059.964,4.067
300284.SZ,20240813,6.89,7.09,6.88,7.0,6.91,0.09,1.3025,340567.0,237297.844,4.021
300101.SZ,20240813,13.62,13.83,13.51,13.8,13.62,0.18,1.3216,50171.0,68555.865,8.18
600984.SH,20240813,2.31,2.42,2.27,2.36,2.31,0.05,2.1645,125228.13,29435.986,2.518
301008.SZ,20240813,17.19,17.33,16.8,17.33,17.19,0.14,0.8144,10546.8,18041.143,1.765
603860.SH,20240813,26.36,26.54,25.85,26.21,26.13,0.08,0.3062,20837.0,54505.1,1.037
688570.SH,20240813,18.08,18.14,17.7,17.85,18.1,-0.25,-1.3812,7815.97,13955.595,1.019
003023.SZ,20240813,15.38,15.78,15.38,15.72,15.66,0.06,0.3831,9607.0,15042.778,1.398
603070.SH,20240813,11.18,11.32,11.11,11.32,11.25,0.07,0.6222,8007.82,8987.261,1.024
600448.SH,20240813,1.99,2.0,1.95,1.99,1.99,0.0,0.0,57898.4,11430.806,2.185
300768.SZ,20240813,11.5,11.7,11.41,11.6,11.45,0.15,1.31,29209.5,33799.093,1.535
600312.SH,20240813,19.18,19.77,19.18,19.32,19.26,0.06,0.3115,82510.0,160144.086,6.7312
688778.SH,20240813,29.05,29.79,29.05,29.71,29.25,0.46,1.5726,7293.76,21443.943,1.448
002014.SZ,20240813,9.07,9.07,8.92,9.07,9.0,0.07,0.7778,23165.4,20892.844,13.144
603336.SH,20240813,3.24,3.59,3.24,3.36,3.28,0.08,2.439,329150.18,111675.091,4.299
002167.SZ,20240813,5.06,5.11,4.99,5.08,5.05,0.03,0.5941,88324.5,44543.314,7.859
603896.SH,20240813,22.92,23.09,22.7,22.9,23.11,-0.21,-0.9087,12761.06,29111.872,1.381
301187.SZ,20240813,18.31,18.58,18.31,18.55,18.42,0.13,0.7058,11659.0,21508.323,1.1
688518.SH,20240813,13.18,13.4,12.92,13.16,13.3,-0.14,-1.0526,56399.15,73897.772,1.026
688623.SH,20240813,51.67,51.84,51.15,51.6,51.75,-0.15,-0.2899,463.2,2381.57,1.028
600179.SH,20240813,2.19,2.22,2.18,2.21,2.19,0.02,0.9132,136143.97,29943.372,2.408
603680.SH,20240813,6.98,7.14,6.86,7.14,6.92,0.22,3.1792,42800.32,30049.706,1.9972
301183.SZ,20240813,35.01,36.0,34.91,35.97,35.11,0.86,2.4494,18917.0,67164.189,1.002
002929.SZ,20240813,26.26,26.55,26.07,26.4,26.23,0.17,0.6481,26735.74,70279.196,1.0392
688292.SH,20240813,13.38,13.38,13.04,13.29,13.25,0.04,0.3019,9183.46,12103.138,1.01
600608.SH,20240813,2.62,2.65,2.53,2.59,2.64,-0.05,-1.8939,51960.58,13444.533,96.539
300569.SZ,20240813,4.23,4.33,4.19,4.33,4.26,0.07,1.6432,112446.12,48067.622,8.806
603321.SH,20240813,6.26,6.33,6.22,6.31,6.28,0.03,0.4777,15204.5,9543.876,1.093
920489.BJ,20240813,6.26,6.33,6.18,6.29,6.21,0.08,1.2882,18403.49,11461.397,1.7935
300956.SZ,20240813,16.4,16.83,16.2,16.81,16.31,0.5,3.0656,95350.56,158064.377,1.223
002694.SZ,20240813,3.44,3.52,3.38,3.47,3.45,0.02,0.5797,34156.0,11832.361,4.097
300583.SZ,20240813,12.85,13.08,12.53,12.71,12.95,-0.24,-1.8533,49351.6,62877.416,1.675
688466.SH,20240813,11.22,11.49,11.1,11.32,11.21,0.11,0.9813,4141.81,4686.747,1.2537
301361.SZ,20240813,22.44,24.9,22.24,23.48,22.4,1.08,4.8214,67470.04,158588.603,1.006
688121.SH,20240813,10.69,10.78,10.5,10.69,10.71,-0.02,-0.1867,9195.92,9783.087,1.009
300939.SZ,20240813,28.1,28.7,27.8,28.4,28.1,0.3,1.0676,21841.0,61692.907,1.576
688601.SH,20240813,36.71,37.44,36.54,37.2,36.79,0.41,1.1144,15962.7,59132.785,2.149
688255.SH,20240813,17.98,17.98,17.51,17.82,17.8,0.02,0.1124,3188.9,5646.712,1.444
603776.SH,20240813,10.47,10.56,10.28,10.49,10.57,-0.08,-0.7569,38448.45,39944.572,2.5959
603506.SH,20240813,7.61,7.63,7.47,7.59,7.56,0.03,0.3968,26553.0,20041.95,2.704
002955.SZ,20240813,21.79,22.08,21.68,22.08,21.82,0.26,1.1916,12141.7,26561.77,1.8323
603296.SH,20240813,47.04,47.81,46.58,46.97,47.05,-0.08,-0.17,19003.1,89225.302,1.42
605009.SH,20240813,37.53,37.85,37.32,37.71,37.65,0.06,0.1594,3513.8,13180.73,1.648
002038.SZ,20240813,7.28,7.29,7.16,7.23,7.3,-0.07,-0.9589,71853.0,51747.363,22.6963
300373.SZ,20240813,39.25,39.92,38.91,39.51,39.21,0.3,0.7651,44673.0,176008.042,5.38
603090.SH,20240813,15.52,15.65,15.15,15.48,15.42,0.06,0.3891,7163.0,10973.615,1.066
600809.SH,20240813,191.63,191.66,187.45,188.88,191.29,-2.41,-1.2599,33455.43,630608.921,6.4766
920267.BJ,20240813,10.93,11.1,10.7,11.07,11.1,-0.03,-0.2703,5530.85,6016.631,2.0001
300993.SZ,20240813,8.4,8.49,8.3,8.39,8.35,0.04,0.479,23653.0,19750.653,2.437
605090.SH,20240813,28.98,29.11,28.1,28.7,28.84,-0.14,-0.4854,45397.2,129575.692,1.481
002963.SZ,20240813,10.16,10.32,10.05,10.32,10.14,0.18,1.7751,20231.0,20659.692,1.008
002318.SZ,20240813,20.22,20.35,20.16,20.28,20.2,0.08,0.396,21571.0,43671.152,6.244
002736.SZ,20240813,8.86,8.97,8.84,8.94,8.85,0.09,1.0169,120767.53,107622.313,1.262
600961.SH,20240813,7.67,7.92,7.48,7.58,7.6,-0.02,-0.2632,173505.95,132333.587,1.504
002107.SZ,20240813,4.06,4.06,3.97,4.03,4.06,-0.03,-0.7389,43377.2,17362.934,8.348
300669.SZ,20240813,12.07,12.19,11.97,12.15,12.09,0.06,0.4963,2126.0,2569.76,2.079
688389.SH,20240813,15.63,15.7,15.13,15.37,15.62,-0.25,-1.6005,20652.84,31590.781,1.049
920892.BJ,20240813,7.56,7.7,7.43,7.66,7.62,0.04,0.5249,4082.37,3091.995,26.0033
002748.SZ,20240813,5.69,5.75,5.63,5.7,5.68,0.02,0.3521,15012.0,8541.447,2.114
688361.SH,20240813,56.1,56.79,54.61,55.79,56.52,-0.73,-1.2916,31057.92,172471.846,1.0029
000756.SZ,20240813,16.45,17.33,15.95,16.58,16.49,0.09,0.5458,527823.45,875018.602,2.1065
002853.SZ,20240813,7.07,7.15,6.99,7.12,7.12,0.0,0.0,18758.99,13261.448,2.674
688506.SH,20240813,173.66,173.97,169.59,172.39,173.0,-0.61,-0.3526,3268.54,56094.355,1.0
600500.SH,20240813,3.78,3.84,3.75,3.83,3.79,0.04,1.0554,97835.27,37217.058,9.014
688058.SH,20240813,19.24,19.38,18.8,19.14,19.21,-0.07,-0.3644,4580.18,8730.44,2.013
301159.SZ,20240813,27.36,27.68,27.04,27.6,27.62,-0.02,-0.0724,14201.0,38972.336,1.0067
301237.SZ,20240813,21.69,21.94,21.38,21.57,21.74,-0.17,-0.782,6604.93,14285.3,1.059
001259.SZ,20240813,19.71,19.95,19.51,19.87,19.78,0.09,0.455,6743.0,13318.199,1.018
301116.SZ,20240813,9.92,10.05,9.81,9.93,9.92,0.01,0.1008,21237.0,21082.417,1.006
600741.SH,20240813,14.82,14.82,14.39,14.57,14.72,-0.15,-1.019,112643.61,164192.095,55.3732
600125.SH,20240813,6.03,6.09,6.01,6.08,6.03,0.05,0.8292,96017.0,58040.727,17.7151
300197.SZ,20240813,1.4,1.43,1.37,1.42,1.43,-0.01,-0.6993,868351.34,121098.627,31.695
600095.SH,20240813,6.29,6.37,6.23,6.37,6.27,0.1,1.5949,320842.0,202222.199,3.465
603285.SH,20240813,21.95,22.38,21.91,22.33,21.97,0.36,1.6386,27683.65,61457.09,1.0
688416.SH,20240813,25.58,25.96,25.24,25.76,25.58,0.18,0.7037,7926.04,20249.669,1.0
000159.SZ,20240813,6.15,6.24,6.02,6.19,6.14,0.05,0.8143,86178.36,53066.071,3.215
000797.SZ,20240813,2.49,2.52,2.46,2.5,2.5,0.0,0.0,155313.44,38676.33,6.834
603029.SH,20240813,14.0,14.0,13.72,13.92,13.86,0.06,0.4329,10514.9,14541.53,1.368
300048.SZ,20240813,4.37,4.42,4.35,4.4,4.37,0.03,0.6865,32198.0,14108.35,8.319
000524.SZ,20240813,8.56,8.61,8.45,8.6,8.56,0.04,0.4673,64031.44,54682.191,4.927
920367.BJ,20240813,12.5,13.0,11.68,12.1,13.11,-1.01,-7.704,65212.88,79717.514,1.1328
603879.SH,20240813,2.65,2.76,2.57,2.74,2.67,0.07,2.6217,72884.2,19474.645,2.559
688221.SH,20240813,5.44,5.44,5.32,5.39,5.46,-0.07,-1.2821,32737.04,17591.918,1.0
920978.BJ,20240813,9.18,9.36,9.08,9.27,9.14,0.13,1.4223,9373.42,8624.415,1.265
000720.SZ,20240813,2.39,2.44,2.35,2.4,2.38,0.02,0.8403,62728.0,14983.912,7.26
300393.SZ,20240813,5.71,5.79,5.61,5.73,5.79,-0.06,-1.0363,130880.89,74346.879,6.3099
688549.SH,20240813,6.0,6.06,5.99,6.06,6.02,0.04,0.6645,30270.04,18234.905,1.001
300158.SZ,20240813,4.43,4.44,4.24,4.35,4.49,-0.14,-3.118,418541.0,180702.771,5.887
600539.SH,20240813,3.74,3.82,3.67,3.8,3.75,0.05,1.3333,33521.02,12614.214,1.214
001225.SZ,20240813,28.33,28.49,28.08,28.49,28.31,0.18,0.6358,1791.0,5076.409,1.068
002960.SZ,20240813,10.78,10.86,10.74,10.86,10.8,0.06,0.5556,23357.7,25221.657,2.734
920455.BJ,20240813,4.07,4.07,4.02,4.05,4.05,0.0,0.0,5233.52,2111.584,3.34
001209.SZ,20240813,12.87,13.0,12.83,13.0,12.9,0.1,0.7752,7068.0,9137.349,1.4725
603217.SH,20240813,13.75,13.9,13.62,13.87,13.75,0.12,0.8727,6058.8,8344.324,2.4597
600653.SH,20240813,1.27,1.36,1.27,1.36,1.24,0.12,9.6774,386881.48,51954.062,10055.64
600990.SH,20240813,16.7,16.9,16.48,16.72,16.66,0.06,0.3601,31868.47,53142.417,4.815
002816.SZ,20240813,8.12,8.12,7.7,7.85,8.11,-0.26,-3.2059,27236.0,21039.07,1.004
603798.SH,20240813,7.9,7.9,7.7,7.86,7.76,0.1,1.2887,22608.3,17627.875,2.808
000056.SZ,20240813,1.76,1.79,1.7,1.73,1.75,-0.02,-1.1429,307508.23,53231.184,4.708
603227.SH,20240813,7.44,7.6,7.3,7.45,7.37,0.08,1.0855,131434.27,97916.273,2.2219
300698.SZ,20240813,34.01,35.0,33.22,34.98,34.93,0.05,0.1431,20596.3,70035.718,1.001
000532.SZ,20240813,11.65,11.91,11.58,11.9,11.7,0.2,1.7094,70468.0,82936.638,4.512
301070.SZ,20240813,35.75,36.59,35.42,35.88,35.99,-0.11,-0.3056,6893.0,24708.922,1.0287
601218.SH,20240813,2.88,2.88,2.78,2.84,2.88,-0.04,-1.3889,202959.0,57135.698,2.442
300928.SZ,20240813,30.2,30.58,29.3,30.22,30.29,-0.07,-0.2311,7245.0,21790.227,1.02
002159.SZ,20240813,13.3,13.38,13.02,13.24,13.3,-0.06,-0.4511,26890.0,35392.493,1.5478
920533.BJ,20240813,10.95,10.99,10.79,10.95,10.92,0.03,0.2747,2930.86,3191.632,7.7583
301200.SZ,20240813,29.5,30.2,29.44,30.2,29.68,0.52,1.752,4386.8,13135.48,1.081
600550.SH,20240813,4.86,4.95,4.83,4.88,4.88,0.0,0.0,203271.95,99142.04,7.636
600778.SH,20240813,4.03,4.1,3.96,4.1,4.04,0.06,1.4851,67800.0,27402.386,3.766
300577.SZ,20240813,18.07,18.24,17.5,18.0,18.06,-0.06,-0.3322,8571.0,15241.596,3.373
603339.SH,20240813,9.6,9.77,9.52,9.77,9.62,0.15,1.5593,17269.36,16696.476,1.65
920344.BJ,20240813,15.3,15.34,14.86,15.07,15.35,-0.28,-1.8241,3474.78,5212.243,1.1722
688656.SH,20240813,22.24,22.64,21.75,22.12,22.31,-0.19,-0.8516,1414.15,3116.315,1.043
301128.SZ,20240813,40.0,40.07,38.02,38.75,39.8,-1.05,-2.6382,33902.0,131070.259,1.052
600824.SH,20240813,3.07,3.09,3.05,3.07,3.09,-0.02,-0.6472,23631.0,7256.862,26.864
300620.SZ,20240813,31.78,32.23,31.57,32.07,31.75,0.32,1.0079,19916.0,63578.5,2.329
002186.SZ,20240813,8.77,8.8,8.62,8.72,8.79,-0.07,-0.7964,21957.86,19086.311,2.377
002663.SZ,20240813,1.34,1.35,1.31,1.34,1.36,-0.02,-1.4706,106716.0,14168.181,8.163
002906.SZ,20240813,24.15,24.29,23.82,24.26,24.08,0.18,0.7475,35108.95,84430.266,1.056
002656.SZ,20240813,1.55,1.62,1.53,1.62,1.55,0.07,4.5161,114414.21,18172.478,5.299
002511.SZ,20240813,7.33,7.42,7.24,7.35,7.37,-0.02,-0.2714,58210.1,42632.92,8.263
001387.SZ,20240813,14.2,14.35,14.1,14.3,14.21,0.09,0.6334,17256.53,24499.033,1.321
000710.SZ,20240813,8.16,8.16,7.68,7.95,8.25,-0.3,-3.6364,432849.29,338287.106,3.497
688678.SH,20240813,8.7,8.87,8.64,8.85,8.75,0.1,1.1429,13183.99,11577.636,1.486
300805.SZ,20240813,6.76,6.82,6.68,6.8,6.76,0.04,0.5917,66474.0,44815.56,1.0145
688197.SH,20240813,36.37,36.7,35.9,36.11,36.67,-0.56,-1.5271,1565.04,5673.53,1.0
002551.SZ,20240813,2.52,2.55,2.49,2.53,2.54,-0.01,-0.3937,70352.03,17713.877,8.309
920339.BJ,20240813,3.95,4.03,3.95,4.01,4.01,0.0,0.0,1234.53,493.41,8.0771
002528.SZ,20240813,2.05,2.14,2.03,2.08,2.13,-0.05,-2.3474,268854.14,55987.563,6.444
002587.SZ,20240813,5.68,5.75,5.55,5.63,5.68,-0.05,-0.8803,135898.0,76665.706,7.62
600101.SH,20240813,8.79,9.02,8.63,8.81,9.05,-0.24,-2.6519,658200.88,577945.523,9.6938
000822.SZ,20240813,5.62,5.66,5.57,5.65,5.62,0.03,0.5338,45579.0,25638.791,2.509
688369.SH,20240813,13.9,14.08,13.7,14.08,13.84,0.24,1.7341,13037.9,18158.999,1.5411
300892.SZ,20240813,16.35,16.69,16.13,16.3,16.44,-0.14,-0.8516,24558.0,40026.264,1.012
000922.SZ,20240813,11.75,11.94,11.7,11.89,11.77,0.12,1.0195,48223.35,56992.545,2.863
920819.BJ,20240813,2.88,2.9,2.86,2.88,2.9,-0.02,-0.6897,6795.92,1952.34,1.1328
600000.SH,20240813,8.56,8.67,8.54,8.59,8.58,0.01,0.1166,272115.5,234443.969,16.1051
002510.SZ,20240813,3.59,3.62,3.57,3.62,3.58,0.04,1.1173,61972.0,22287.592,4.374
603095.SH,20240813,15.66,15.84,15.6,15.75,15.66,0.09,0.5747,9295.4,14608.396,1.576
603066.SH,20240813,8.67,8.73,8.56,8.73,8.67,0.06,0.692,14404.0,12456.185,3.2083
300179.SZ,20240813,6.63,6.66,6.52,6.63,6.6,0.03,0.4545,15226.0,10020.248,7.038
688201.SH,20240813,6.7,6.82,6.64,6.82,6.7,0.12,1.791,33551.32,22617.977,3.326
688083.SH,20240813,66.55,68.3,66.55,68.25,67.53,0.72,1.0662,2459.42,16607.658,1.984
001337.SZ,20240813,23.45,23.55,23.08,23.28,23.08,0.2,0.8666,42824.0,99620.879,1.015
603662.SH,20240813,22.52,24.77,22.48,24.11,22.52,1.59,7.0604,249333.8,598265.195,2.5138
920906.BJ,20240813,10.34,10.74,10.29,10.46,10.44,0.02,0.1916,4314.99,4497.572,1.0318
300890.SZ,20240813,23.58,24.5,23.38,24.49,23.55,0.94,3.9915,34335.44,82579.834,1.012
002405.SZ,20240813,7.2,7.39,6.96,7.1,7.28,-0.18,-2.4725,1278454.61,910916.194,4.007
603938.SH,20240813,10.22,10.39,10.06,10.33,10.23,0.1,0.9775,11472.83,11725.411,2.652
688170.SH,20240813,19.27,19.78,19.26,19.65,19.55,0.1,0.5115,2925.48,5714.428,1.034
600512.SH,20240813,1.99,2.02,1.97,2.02,1.99,0.03,1.5075,89683.0,17940.127,6.592
601868.SH,20240813,2.22,2.23,2.2,2.23,2.22,0.01,0.4505,1243072.25,275769.699,1.022
688459.SH,20240813,8.14,8.14,8.03,8.11,8.1,0.01,0.1235,2565.31,2070.976,1.0202
300922.SZ,20240813,12.4,12.77,12.2,12.77,12.88,-0.11,-0.854,53102.0,66248.87,1.456
603298.SH,20240813,16.21,16.27,15.74,16.26,16.2,0.06,0.3704,61718.62,98882.686,2.323
600720.SH,20240813,8.86,8.98,8.81,8.96,8.87,0.09,1.0147,38411.0,34212.895,13.103
300012.SZ,20240813,11.85,11.88,11.6,11.79,11.92,-0.13,-1.0906,124344.0,145763.798,19.655
688584.SH,20240813,13.98,14.13,13.9,14.05,13.97,0.08,0.5727,9625.88,13498.154,1.0188
002825.SZ,20240813,6.0,6.1,5.95,6.1,6.04,0.06,0.9934,17344.93,10479.678,3.0824
600629.SH,20240813,4.29,4.33,4.25,4.33,4.3,0.03,0.6977,77205.2,33200.985,8.55
600390.SH,20240813,4.18,4.24,4.14,4.22,4.18,0.04,0.9569,159538.95,66997.15,6.7159
600584.SH,20240813,30.85,31.58,30.72,31.39,30.88,0.51,1.6516,226585.98,708059.379,4.8726
002843.SZ,20240813,11.11,11.26,10.9,11.25,11.19,0.06,0.5362,33697.0,37387.229,1.756
300887.SZ,20240813,6.95,7.0,6.73,6.89,7.0,-0.11,-1.5714,97690.02,67031.834,6.3894
301103.SZ,20240813,21.18,21.23,20.77,21.1,21.05,0.05,0.2375,6291.52,13219.419,1.3881
605122.SH,20240813,9.42,9.56,9.3,9.56,9.43,0.13,1.3786,7918.6,7452.395,1.429
600651.SH,20240813,2.78,2.82,2.76,2.8,2.79,0.01,0.3584,57351.09,16026.243,5951.086
300837.SZ,20240813,19.58,19.96,19.31,19.93,19.58,0.35,1.7875,5236.0,10293.396,1.036
300271.SZ,20240813,4.43,4.49,4.39,4.48,4.43,0.05,1.1287,59288.55,26356.219,8.523
002561.SZ,20240813,7.35,7.38,7.24,7.31,7.33,-0.02,-0.2729,53783.0,39202.797,1.462
688520.SH,20240813,35.92,36.2,35.4,35.87,36.07,-0.2,-0.5545,9681.02,34628.736,1.0
603004.SH,20240813,17.03,17.25,16.82,17.21,17.02,0.19,1.1163,28169.98,48101.735,1.0132
920058.BJ,20240813,14.92,14.92,14.5,14.66,14.49,0.17,1.1732,1243.48,1825.929,1.9782
603828.SH,20240813,1.63,1.65,1.61,1.63,1.63,0.0,0.0,25448.0,4151.582,4.656
920221.BJ,20240813,11.26,11.29,11.13,11.29,11.17,0.12,1.0743,4869.56,5452.504,1.0862
600185.SH,20240813,4.89,4.92,4.81,4.92,4.9,0.02,0.4082,114943.0,56003.997,7.304
688687.SH,20240813,23.8,24.12,23.1,23.94,23.84,0.1,0.4195,30576.59,72440.244,1.035
300120.SZ,20240813,5.26,5.37,5.22,5.37,5.25,0.12,2.2857,220034.0,116873.454,3.424
600682.SH,20240813,5.21,5.27,5.17,5.24,5.26,-0.02,-0.3802,99337.21,51838.306,12.8272
603656.SH,20240813,9.91,9.96,9.67,9.91,9.92,-0.01,-0.1008,15306.0,15047.289,2.065
688033.SH,20240813,5.25,5.31,5.12,5.26,5.23,0.03,0.5736,77790.17,40512.517,1.0159
600367.SH,20240813,9.38,9.49,9.28,9.45,9.38,0.07,0.7463,22062.0,20693.209,4.407
688270.SH,20240813,23.6,23.94,23.3,23.75,23.68,0.07,0.2956,34684.27,81984.301,1.984
002275.SZ,20240813,13.41,13.46,13.28,13.44,13.43,0.01,0.0745,21597.0,28904.352,2.022
002640.SZ,20240813,1.42,1.48,1.38,1.45,1.43,0.02,1.3986,514225.0,73584.959,12.264
600381.SH,20240813,3.06,3.19,3.04,3.09,3.05,0.04,1.3115,84465.0,26269.408,1.019
688486.SH,20240813,46.01,46.98,46.01,46.95,46.38,0.57,1.229,2914.39,13583.662,1.506
605507.SH,20240813,17.48,17.64,17.42,17.54,17.53,0.01,0.057,20636.0,36171.965,1.073
605098.SH,20240813,33.57,33.99,32.93,33.33,33.87,-0.54,-1.5943,30927.54,102733.838,1.624
300124.SZ,20240813,43.9,44.18,42.49,42.93,43.97,-1.04,-2.3652,157055.31,673240.053,24.774
000963.SZ,20240813,28.65,28.71,28.2,28.68,28.7,-0.02,-0.0697,56809.69,161549.49,13.032
002319.SZ,20240813,8.78,8.85,8.58,8.83,8.78,0.05,0.5695,21374.0,18667.976,2.051
688203.SH,20240813,8.07,8.47,8.06,8.4,8.08,0.32,3.9604,24485.74,20304.682,1.013
002927.SZ,20240813,11.26,11.32,10.8,11.07,11.3,-0.23,-2.0354,94249.22,104077.397,2.521
688567.SH,20240813,8.79,9.03,8.66,8.92,8.76,0.16,1.8265,50083.22,44279.45,1.0
688488.SH,20240813,8.71,8.79,8.46,8.68,8.71,-0.03,-0.3444,35504.56,30494.952,1.002
600403.SH,20240813,2.5,2.54,2.47,2.52,2.51,0.01,0.3984,44497.5,11160.534,6.187
603083.SH,20240813,27.19,27.46,26.94,27.3,27.17,0.13,0.4785,47399.82,128914.696,2.234
002331.SZ,20240813,6.6,6.69,6.6,6.67,6.63,0.04,0.6033,51347.4,34108.818,5.396
001298.SZ,20240813,19.64,20.1,19.64,19.9,19.81,0.09,0.4543,50636.97,100585.849,2.139
600706.SH,20240813,8.99,9.12,8.88,8.98,9.06,-0.08,-0.883,43070.0,38566.098,2.374
002131.SZ,20240813,1.42,1.44,1.42,1.43,1.43,0.0,0.0,359055.06,51305.869,44.752
600995.SH,20240813,9.43,9.53,9.42,9.5,9.48,0.02,0.211,32414.46,30727.047,9.097
600776.SH,20240813,8.81,8.93,8.78,8.91,8.85,0.06,0.678,76722.08,67962.114,4.829
002803.SZ,20240813,10.35,10.4,10.25,10.37,10.38,-0.01,-0.0963,28452.0,29378.948,3.144
603041.SH,20240813,9.6,9.72,9.45,9.72,9.61,0.11,1.1446,7651.2,7359.342,1.529
688777.SH,20240813,36.53,37.43,36.4,37.38,36.75,0.63,1.7143,39772.59,146717.264,1.498
000681.SZ,20240813,10.92,11.0,10.84,10.99,10.92,0.07,0.641,35128.0,38407.942,5.0657
603995.SH,20240813,17.28,17.56,17.18,17.52,17.26,0.26,1.5064,32645.0,56840.194,1.625
603613.SH,20240813,18.95,19.23,18.79,19.14,18.92,0.22,1.1628,50089.7,95085.826,4.5011
002734.SZ,20240813,6.74,6.75,6.66,6.71,6.74,-0.03,-0.4451,19136.0,12807.237,3.513
000078.SZ,20240813,2.41,2.41,2.36,2.4,2.41,-0.01,-0.4149,121907.5,29060.403,20.484
300441.SZ,20240813,6.05,6.12,6.03,6.12,6.05,0.07,1.157,53346.76,32449.767,7.011
920519.BJ,20240813,6.86,6.9,6.79,6.88,6.88,0.0,0.0,1861.12,1274.927,1.1111
603135.SH,20240813,8.86,8.89,8.76,8.88,8.85,0.03,0.339,9811.66,8670.683,1.4372
300960.SZ,20240813,19.12,19.52,18.7,19.45,19.66,-0.21,-1.0682,44593.0,85303.571,1.094
688272.SH,20240813,13.98,14.39,13.93,14.39,14.06,0.33,2.3471,4318.42,6092.141,1.004
300084.SZ,20240813,5.15,5.38,5.07,5.24,5.13,0.11,2.1442,71690.4,37608.792,4.494
603579.SH,20240813,13.4,13.5,13.18,13.34,13.39,-0.05,-0.3734,12308.1,16352.831,3.108
601319.SH,20240813,5.44,5.49,5.42,5.47,5.43,0.04,0.7366,376771.47,205702.571,1.1529
603610.SH,20240813,9.12,9.2,9.0,9.17,9.19,-0.02,-0.2176,18724.65,17009.283,2.774
300916.SZ,20240813,22.5,22.9,22.42,22.9,22.47,0.43,1.9137,15427.5,35029.336,3.473
300909.SZ,20240813,17.92,18.47,17.82,18.44,18.08,0.36,1.9912,17099.5,31215.189,1.529
002916.SZ,20240813,104.8,109.56,104.79,108.46,104.79,3.67,3.5022,70774.85,765048.054,1.789
002654.SZ,20240813,9.08,9.24,9.06,9.2,9.08,0.12,1.3216,136847.17,125168.231,6.222
600959.SH,20240813,2.82,2.84,2.79,2.82,2.82,0.0,0.0,180422.0,50859.282,1.393
301052.SZ,20240813,19.01,19.15,18.49,18.9,19.02,-0.12,-0.6309,32119.66,60153.165,1.355
301011.SZ,20240813,13.49,13.64,13.32,13.54,13.5,0.04,0.2963,10750.0,14523.639,1.7238
301229.SZ,20240813,20.77,21.06,20.65,20.96,20.76,0.2,0.9634,6518.8,13591.658,1.415
603052.SH,20240813,27.53,27.69,27.32,27.43,27.53,-0.1,-0.3632,5628.76,15458.111,2.009
688626.SH,20240813,27.24,27.74,27.24,27.67,27.79,-0.12,-0.4318,4069.81,11138.407,1.0376
600444.SH,20240813,12.0,12.46,11.72,12.35,12.02,0.33,2.7454,110096.51,133655.072,2.1318
600467.SH,20240813,1.51,1.52,1.49,1.51,1.51,0.0,0.0,119267.0,17985.941,9.2327
688300.SH,20240813,43.5,44.09,43.2,44.0,43.45,0.55,1.2658,8157.15,35700.228,2.252
600531.SH,20240813,5.57,5.62,5.48,5.56,5.53,0.03,0.5425,166127.77,92077.7,11.2968
001270.SZ,20240813,32.58,33.25,32.2,32.77,32.59,0.18,0.5523,34488.0,112631.633,1.832
688689.SH,20240813,18.6,18.92,18.42,18.8,18.7,0.1,0.5348,4914.52,9177.892,1.043
300189.SZ,20240813,2.21,2.28,2.13,2.17,2.2,-0.03,-1.3636,666798.36,146546.202,6.505
002623.SZ,20240813,15.65,15.98,15.45,15.86,15.66,0.2,1.2771,9226.0,14531.525,1.057
300929.SZ,20240813,7.21,7.52,7.06,7.49,7.24,0.25,3.453,28525.2,20952.499,1.6267
605303.SH,20240813,6.58,6.73,6.5,6.71,6.63,0.08,1.2066,17557.65,11651.554,1.021
000060.SZ,20240813,4.14,4.17,4.12,4.16,4.12,0.04,0.9709,272968.0,113110.018,40.6661
001278.SZ,20240813,14.2,14.34,14.08,14.34,14.2,0.14,0.9859,11032.63,15693.123,1.0108
688681.SH,20240813,8.44,8.66,8.43,8.63,8.46,0.17,2.0095,8502.93,7274.67,1.026
300881.SZ,20240813,22.97,23.42,22.8,23.4,23.0,0.4,1.7391,8478.8,19653.216,1.142
601231.SH,20240813,14.9,15.25,14.9,15.16,14.89,0.27,1.8133,73611.46,111193.17,2.394
002639.SZ,20240813,5.31,5.35,5.16,5.28,5.37,-0.09,-1.676,186478.1,97700.954,3.088
000090.SZ,20240813,3.7,3.72,3.66,3.7,3.69,0.01,0.271,98545.55,36340.491,9.5669
600734.SH,20240813,2.82,2.88,2.79,2.82,2.85,-0.03,-1.0526,213616.1,60389.676,8.508
001311.SZ,20240813,22.6,22.6,22.14,22.55,22.32,0.23,1.0305,8069.75,18059.552,1.746
603829.SH,20240813,11.71,11.86,11.63,11.81,11.71,0.1,0.854,14713.3,17294.97,1.0592
600506.SH,20240813,11.51,11.78,11.23,11.44,11.43,0.01,0.0875,60119.0,69100.373,1.327
300760.SZ,20240813,260.88,261.88,251.5,256.18,262.0,-5.82,-2.2214,40412.96,1030460.295,1.066
300921.SZ,20240813,18.45,19.48,18.35,18.96,18.8,0.16,0.8511,79119.93,149153.593,1.892
601702.SH,20240813,16.06,16.23,15.86,16.13,15.96,0.17,1.0652,36634.26,58860.453,1.032
603676.SH,20240813,8.36,8.46,8.31,8.42,8.43,-0.01,-0.1186,25782.0,21635.905,1.0941
688358.SH,20240813,24.82,25.0,24.52,24.93,24.85,0.08,0.3219,2564.62,6339.151,1.5319
301182.SZ,20240813,18.01,20.45,18.01,18.74,17.8,0.94,5.2809,81241.0,155133.317,1.017
001223.SZ,20240813,33.95,34.28,33.43,34.0,33.94,0.06,0.1768,3544.97,11946.149,1.02
600892.SH,20240813,3.55,3.61,3.52,3.58,3.58,0.0,0.0,35979.0,12807.063,6.323
601919.SH,20240813,12.47,12.7,12.35,12.49,12.37,0.12,0.9701,715929.69,895408.781,2.083
300329.SZ,20240813,4.12,4.14,4.01,4.1,4.09,0.01,0.2445,97466.0,39621.386,3.732
603918.SH,20240813,8.93,8.99,8.76,8.98,8.93,0.05,0.5599,56280.0,50072.583,3.5551
920839.BJ,20240813,9.24,9.36,9.08,9.34,9.31,0.03,0.3222,1517.35,1396.995,1.8772
002209.SZ,20240813,7.67,7.79,7.62,7.75,7.68,0.07,0.9115,50104.6,38564.084,1.5632
002526.SZ,20240813,2.3,2.33,2.29,2.32,2.31,0.01,0.4329,162625.71,37557.877,6.0303
603488.SH,20240813,8.42,8.64,8.23,8.6,8.42,0.18,2.1378,46988.0,39597.761,1.6712
003038.SZ,20240813,12.71,12.86,12.5,12.81,12.71,0.1,0.7868,19018.72,24131.821,1.721
300594.SZ,20240813,14.47,14.65,14.13,14.47,14.48,-0.01,-0.0691,44007.0,63171.576,1.0235
600399.SH,20240813,5.26,5.35,5.2,5.34,5.25,0.09,1.7143,259698.0,137116.33,3.476
600163.SH,20240813,5.39,5.44,5.35,5.4,5.43,-0.03,-0.5525,51820.01,27916.136,2.4159
603728.SH,20240813,35.84,37.39,35.53,36.28,36.0,0.28,0.7778,88764.0,323563.323,1.324
300384.SZ,20240813,11.8,11.93,11.75,11.92,11.82,0.1,0.846,12118.7,14358.834,5.958
603127.SH,20240813,15.26,15.35,14.93,15.35,15.34,0.01,0.0652,110747.87,167509.571,7.8179
600022.SH,20240813,1.29,1.3,1.28,1.3,1.29,0.01,0.7752,185839.0,24022.741,6.009
600751.SH,20240813,2.1,2.12,2.08,2.11,2.1,0.01,0.4762,110295.0,23167.398,4.621
300819.SZ,20240813,10.86,11.04,10.69,10.97,10.76,0.21,1.9517,10608.0,11502.903,1.594
002735.SZ,20240813,8.57,8.67,8.45,8.6,8.58,0.02,0.2331,89092.73,76206.875,3.446
300419.SZ,20240813,4.4,4.5,4.37,4.49,4.4,0.09,2.0455,78762.0,35074.561,7.691
600536.SH,20240813,28.77,29.03,28.05,28.76,28.81,-0.05,-0.1736,111087.73,317395.929,8.975
002479.SZ,20240813,3.56,3.63,3.55,3.62,3.59,0.03,0.8357,49204.84,17703.658,4.483
002274.SZ,20240813,6.84,6.92,6.81,6.92,6.86,0.06,0.8746,53015.27,36472.672,3.665
300229.SZ,20240813,11.66,11.78,11.49,11.69,11.66,0.03,0.2573,72660.9,84411.823,5.369
002930.SZ,20240813,11.22,11.24,10.97,11.07,11.2,-0.13,-1.1607,13223.04,14629.911,2.0134
600338.SH,20240813,8.77,9.05,8.68,8.98,8.72,0.26,2.9817,118595.0,105273.105,1.896
600171.SH,20240813,22.86,23.83,22.5,23.39,23.0,0.39,1.6957,813279.75,1886211.597,2.845
603326.SH,20240813,5.51,5.53,5.4,5.48,5.49,-0.01,-0.1821,13935.0,7587.69,2.2331
601698.SH,20240813,15.67,15.8,15.51,15.74,15.68,0.06,0.3827,192646.0,302046.612,1.0084
600436.SH,20240813,207.6,208.0,205.02,207.8,208.0,-0.2,-0.0962,9807.51,202502.898,6.674
002886.SZ,20240813,13.43,13.49,13.24,13.49,13.38,0.11,0.8221,27803.91,37147.622,2.592
002026.SZ,20240813,8.13,8.24,8.05,8.19,8.11,0.08,0.9864,40033.03,32601.732,3.821
002975.SZ,20240813,25.43,25.99,25.2,25.88,25.39,0.49,1.9299,7262.0,18629.787,2.047
688409.SH,20240813,36.84,37.4,36.6,37.09,36.84,0.25,0.6786,10292.62,38080.154,1.494
300164.SZ,20240813,3.88,4.14,3.8,3.88,3.8,0.08,2.1053,825219.85,326391.311,6.251
601187.SH,20240813,5.1,5.14,5.08,5.12,5.09,0.03,0.5894,84962.96,43382.352,1.189
603678.SH,20240813,23.71,24.02,23.56,23.89,23.7,0.19,0.8017,22716.0,54107.474,2.655
920014.BJ,20240813,7.71,7.71,7.6,7.6,7.6,0.0,0.0,656.93,499.64,1.9898
002173.SZ,20240813,6.3,6.35,6.2,6.28,6.34,-0.06,-0.9464,72216.0,45230.787,3.043
601009.SH,20240813,9.85,10.02,9.82,9.85,9.85,0.0,0.0,241078.94,239101.813,6.558
300548.SZ,20240813,17.37,17.44,17.18,17.42,17.17,0.25,1.456,30650.5,53045.948,2.803
603601.SH,20240813,2.68,2.73,2.64,2.71,2.68,0.03,1.1194,69859.75,18800.115,13.622
002993.SZ,20240813,28.8,29.33,28.58,29.11,28.73,0.38,1.3227,20836.2,60268.055,1.361
601872.SH,20240813,7.77,7.84,7.65,7.73,7.7,0.03,0.3896,165030.04,127499.573,1.6612
603717.SH,20240813,5.72,5.73,5.59,5.63,5.72,-0.09,-1.5734,26036.0,14687.331,1.415
301030.SZ,20240813,24.14,24.21,23.2,23.55,24.8,-1.25,-5.0403,138536.47,327254.973,1.408
688037.SH,20240813,65.9,66.28,63.63,64.91,65.69,-0.78,-1.1874,27844.87,180726.395,2.1661
600571.SH,20240813,8.9,8.98,8.75,8.96,8.93,0.03,0.3359,97664.0,86712.981,11.6413
920950.BJ,20240813,11.28,11.28,11.01,11.08,11.26,-0.18,-1.5986,782.13,870.068,1.424
688290.SH,20240813,31.14,32.07,31.01,31.91,31.38,0.53,1.689,2269.67,7143.752,1.2111
002723.SZ,20240813,5.11,5.14,4.89,5.07,5.12,-0.05,-0.9766,67311.4,33672.216,2.8729
300050.SZ,20240813,3.01,3.09,2.93,3.06,3.02,0.04,1.3245,202049.14,60842.786,8.337
301205.SZ,20240813,51.84,52.9,51.72,52.49,51.81,0.68,1.3125,11273.8,58796.821,1.802
300469.SZ,20240813,11.32,11.32,11.0,11.26,11.23,0.03,0.2671,108877.0,121313.622,3.074
603569.SH,20240813,6.68,6.73,6.59,6.73,6.68,0.05,0.7485,49601.0,33100.853,1.576
605138.SH,20240813,4.84,4.84,4.7,4.78,4.85,-0.07,-1.4433,35747.0,17036.394,1.061
603893.SH,20240813,55.8,56.74,55.5,56.39,55.74,0.65,1.1661,21205.6,118879.963,1.0246
300311.SZ,20240813,3.09,3.18,2.94,2.99,3.18,-0.19,-5.9748,708403.1,213888.87,7.347
600059.SH,20240813,8.3,8.35,8.23,8.3,8.28,0.02,0.2415,35917.72,29726.178,8.61
002563.SZ,20240813,4.92,4.96,4.87,4.91,4.95,-0.04,-0.8081,97502.04,47852.272,6.664
300353.SZ,20240813,8.01,8.15,7.9,8.13,8.22,-0.09,-1.0949,215423.46,172770.865,6.544
300176.SZ,20240813,4.42,4.55,4.35,4.55,4.42,0.13,2.9412,46227.89,20655.808,4.561
300170.SZ,20240813,5.78,5.87,5.76,5.85,5.8,0.05,0.8621,107846.5,62598.516,6.642
300833.SZ,20240813,39.47,39.77,38.91,39.65,39.28,0.37,0.942,3067.31,12104.06,1.604
920879.BJ,20240813,8.15,8.89,8.04,8.64,8.22,0.42,5.1095,8053.69,6864.75,3.0971
000679.SZ,20240813,3.2,3.31,3.12,3.28,3.23,0.05,1.548,169155.5,54651.557,5.763
300487.SZ,20240813,40.75,40.75,39.3,39.73,40.7,-0.97,-2.3833,16608.5,65985.696,5.9141
603026.SH,20240813,29.5,30.05,29.05,29.87,29.57,0.3,1.0145,12071.0,35671.002,1.0783
300139.SZ,20240813,13.95,14.37,13.86,14.06,13.7,0.36,2.6277,585844.93,827746.323,5.161
601519.SH,20240813,5.65,5.74,5.61,5.74,5.65,0.09,1.5929,104292.04,59283.372,2.911
920924.BJ,20240813,7.37,7.43,7.33,7.42,7.4,0.02,0.2703,2892.81,2135.016,1.3164
600150.SH,20240813,38.4,39.5,38.39,39.29,38.0,1.29,3.3947,416532.94,1626406.502,3.3292
600982.SH,20240813,3.55,3.58,3.51,3.57,3.56,0.01,0.2809,35045.0,12423.42,4.61
600866.SH,20240813,5.3,5.33,5.16,5.26,5.29,-0.03,-0.5671,276251.0,144740.13,15.554
601366.SH,20240813,4.96,5.02,4.96,5.02,5.03,-0.01,-0.1988,13003.0,6489.263,1.145
002228.SZ,20240813,2.37,2.38,2.34,2.37,2.37,0.0,0.0,44597.0,10540.127,11.207
688408.SH,20240813,59.94,59.94,58.68,59.78,59.64,0.14,0.2347,11860.25,70210.254,1.5083
001896.SZ,20240813,3.67,3.69,3.62,3.69,3.69,0.0,0.0,88753.5,32421.434,1.387
600012.SH,20240813,15.16,15.49,14.9,15.34,14.99,0.35,2.3349,52595.52,80130.089,2.8919
300123.SZ,20240813,4.66,4.78,4.59,4.68,4.61,0.07,1.5184,283965.25,132713.375,6.066
301118.SZ,20240813,16.91,17.44,16.67,17.44,16.92,0.52,3.0733,28788.0,49123.501,1.038
600708.SH,20240813,1.81,1.81,1.78,1.8,1.81,-0.01,-0.5525,218042.02,39078.117,12.727
002903.SZ,20240813,15.04,15.1,14.78,15.0,15.04,-0.04,-0.266,22188.5,33102.673,1.581
001226.SZ,20240813,22.09,22.3,21.69,22.24,22.03,0.21,0.9532,14438.0,31869.323,1.027
688671.SH,20240813,17.0,17.18,16.33,17.13,17.17,-0.04,-0.233,6305.45,10580.164,1.005
001260.SZ,20240813,13.48,13.77,13.18,13.73,13.54,0.19,1.4032,20675.84,28078.391,1.032
300632.SZ,20240813,9.19,9.37,9.1,9.33,9.2,0.13,1.413,21332.0,19723.531,2.134
600481.SH,20240813,4.18,4.27,4.12,4.24,4.21,0.03,0.7126,176720.06,74104.014,10.42
300238.SZ,20240813,9.3,9.3,9.0,9.15,9.3,-0.15,-1.6129,72336.11,65840.843,4.074
603667.SH,20240813,14.15,14.46,14.12,14.36,14.22,0.14,0.9845,47632.83,68069.058,1.447
002438.SZ,20240813,11.37,11.43,11.16,11.37,11.34,0.03,0.2646,46815.0,52863.449,4.246
000848.SZ,20240813,8.32,8.32,8.11,8.17,8.27,-0.1,-1.2092,76995.88,62959.119,28.12
301335.SZ,20240813,16.0,16.23,15.85,16.13,16.0,0.13,0.8125,3223.2,5177.611,1.451
920639.BJ,20240813,3.86,3.89,3.84,3.88,3.86,0.02,0.5181,2351.33,906.745,1.2555
002584.SZ,20240813,6.09,6.09,5.92,6.02,6.15,-0.13,-2.1138,236055.47,141573.251,2.6891
300294.SZ,20240813,32.91,33.49,32.81,33.49,32.96,0.53,1.608,24818.19,82378.553,4.882
920832.BJ,20240813,4.07,4.07,3.98,4.02,4.03,-0.01,-0.2481,2312.67,925.825,1.6974
603408.SH,20240813,11.25,11.34,11.11,11.34,11.28,0.06,0.5319,15884.0,17840.287,1.161
920075.BJ,20240813,10.8,10.94,10.74,10.8,10.88,-0.08,-0.7353,892.42,962.546,1.4509
001331.SZ,20240813,10.35,10.57,10.27,10.56,10.36,0.2,1.9305,14101.92,14746.423,1.7151
300387.SZ,20240813,5.95,6.05,5.91,6.04,5.97,0.07,1.1725,37220.0,22292.58,4.212
688432.SH,20240813,9.09,9.19,9.06,9.19,9.09,0.1,1.1001,15347.39,14021.983,1.0051
301040.SZ,20240813,10.41,11.27,10.22,11.16,10.54,0.62,5.8824,90718.85,98234.993,1.009
002827.SZ,20240813,21.86,24.05,21.86,24.05,21.86,2.19,10.0183,184995.51,427082.202,1.696
300964.SZ,20240813,32.96,33.4,32.45,33.35,32.75,0.6,1.8321,19075.84,62726.575,1.019
002067.SZ,20240813,2.75,2.76,2.71,2.74,2.75,-0.01,-0.3636,74799.0,20442.163,2.7753
920185.BJ,20240813,17.0,17.05,16.84,17.03,17.0,0.03,0.1765,5260.65,8907.305,10.5721
920212.BJ,20240813,7.13,7.47,7.13,7.24,7.26,-0.02,-0.2755,16591.81,12095.993,2.1604
920694.BJ,20240813,10.17,10.41,10.13,10.2,10.15,0.05,0.4926,1821.02,1864.212,1.0244
600282.SH,20240813,4.41,4.45,4.38,4.43,4.43,0.0,0.0,155201.8,68507.027,8.319
600969.SH,20240813,5.71,5.79,5.65,5.77,5.68,0.09,1.5845,226498.15,129793.519,2.091
300565.SZ,20240813,10.97,11.23,10.89,11.17,11.14,0.03,0.2693,91490.61,100924.176,1.32
300013.SZ,20240813,2.37,2.64,2.19,2.28,2.48,-0.2,-8.0645,569883.54,137920.909,4.602
603191.SH,20240813,11.74,11.86,11.61,11.78,11.73,0.05,0.4263,18030.18,21091.671,1.0195
688418.SH,20240813,14.85,15.03,14.6,14.89,14.79,0.1,0.6761,30196.85,44690.053,1.004
603106.SH,20240813,4.22,4.32,4.19,4.31,4.25,0.06,1.4118,88760.46,37884.363,1.884
601828.SH,20240813,2.41,2.43,2.38,2.41,2.42,-0.01,-0.4132,122307.97,29396.252,1.215
688661.SH,20240813,23.93,24.6,23.88,24.6,24.06,0.54,2.2444,8574.96,20824.511,1.32
001338.SZ,20240813,10.19,10.2,10.06,10.16,10.15,0.01,0.0985,28768.72,29136.192,1.013
920753.BJ,20240813,25.46,25.49,24.6,25.2,25.16,0.04,0.159,11596.79,28945.399,1.0941
301325.SZ,20240813,35.69,36.26,35.6,35.96,35.8,0.16,0.4469,10921.4,39195.92,1.208
000650.SZ,20240813,5.7,5.7,5.61,5.68,5.7,-0.02,-0.3509,260804.89,147091.448,23.8415
000566.SZ,20240813,3.47,3.47,3.47,3.47,3.15,0.32,10.1587,109662.0,38052.714,9.514
600265.SH,20240813,13.91,13.99,13.39,13.62,13.97,-0.35,-2.5054,14445.45,19623.387,1.659
300065.SZ,20240813,6.2,6.31,6.17,6.27,6.21,0.06,0.9662,77641.27,48479.837,8.767
600241.SH,20240813,5.31,5.31,5.18,5.31,5.24,0.07,1.3359,18479.0,9747.997,2.512
688215.SH,20240813,16.37,16.56,16.08,16.54,16.31,0.23,1.4102,2199.15,3607.976,1.3217
603733.SH,20240813,16.51,16.67,16.4,16.67,16.56,0.11,0.6643,19498.0,32260.025,1.1151
688720.SH,20240813,35.9,36.29,34.94,35.69,35.78,-0.09,-0.2515,9295.54,33062.943,1.005
600587.SH,20240813,16.95,16.95,16.6,16.82,17.01,-0.19,-1.117,29394.8,49309.447,7.501
300758.SZ,20240813,9.88,10.27,9.88,10.26,9.94,0.32,3.2193,66412.9,67361.433,3.296
603458.SH,20240813,6.21,6.97,6.18,6.97,6.34,0.63,9.9369,514121.88,349776.498,2.905
601700.SH,20240813,3.89,3.93,3.85,3.93,3.86,0.07,1.8135,58351.0,22773.582,6.307
600107.SH,20240813,3.45,3.54,3.3,3.46,3.47,-0.01,-0.2882,133017.0,45458.151,2.589
688372.SH,20240813,37.62,38.48,37.05,37.51,37.51,0.0,0.0,11711.22,44136.048,1.317
301308.SZ,20240813,73.05,74.6,72.95,74.28,72.83,1.45,1.9909,30635.23,226079.076,1.009
688717.SH,20240813,72.23,75.99,71.84,74.86,72.26,2.6,3.5981,20378.6,150157.573,1.0
002400.SZ,20240813,4.75,4.77,4.7,4.77,4.74,0.03,0.6329,131936.6,62584.935,18.807
300722.SZ,20240813,18.9,22.5,18.9,21.25,18.95,2.3,12.1372,213576.76,448260.854,3.637
301085.SZ,20240813,37.77,38.09,37.6,37.99,37.77,0.22,0.5825,6055.06,22884.692,1.045
002179.SZ,20240813,37.2,37.88,37.13,37.76,37.22,0.54,1.4508,59404.48,223884.305,14.713
688110.SH,20240813,17.23,17.42,16.98,17.36,17.1,0.26,1.5205,36886.99,63549.047,1.008
002956.SZ,20240813,14.04,14.06,13.5,13.76,13.61,0.15,1.1021,17052.9,23359.718,3.0507
301293.SZ,20240813,34.42,34.98,34.09,34.81,34.68,0.13,0.3749,21813.83,75499.581,1.3023
300256.SZ,20240813,2.1,2.6,2.01,2.36,2.37,-0.01,-0.4219,2958649.67,685118.082,4.594
688105.SH,20240813,20.96,21.2,20.5,20.81,21.14,-0.33,-1.561,12255.08,25405.174,1.0484
001322.SZ,20240813,6.89,6.93,6.75,6.9,6.93,-0.03,-0.4329,21581.33,14805.133,1.026
002465.SZ,20240813,9.44,9.66,9.36,9.62,9.45,0.17,1.7989,235441.4,223743.517,7.159
002476.SZ,20240813,3.72,3.81,3.68,3.81,3.72,0.09,2.4194,48255.4,18064.036,5.25
600201.SH,20240813,6.81,6.82,6.71,6.8,6.82,-0.02,-0.2933,60032.0,40572.564,16.0175
000738.SZ,20240813,20.39,20.55,20.15,20.42,20.37,0.05,0.2455,64383.58,130951.353,1.825
688151.SH,20240813,12.54,12.54,12.01,12.16,12.54,-0.38,-3.0303,21751.14,26408.687,1.0189
600023.SH,20240813,6.55,6.56,6.42,6.5,6.53,-0.03,-0.4594,179733.07,116518.089,1.8784
300894.SZ,20240813,12.59,12.65,12.19,12.45,12.7,-0.25,-1.9685,92862.0,114432.23,1.092
605188.SH,20240813,6.73,6.83,6.65,6.8,6.73,0.07,1.0401,52653.35,35481.516,1.014
688206.SH,20240813,13.83,14.24,13.74,14.22,13.83,0.39,2.82,27027.24,37804.921,1.003
688226.SH,20240813,14.53,15.2,14.31,15.01,14.5,0.51,3.5172,22547.09,33437.333,1.03
600742.SH,20240813,7.7,7.75,7.66,7.75,7.71,0.04,0.5188,27414.64,21113.64,21.209
002908.SZ,20240813,6.65,6.75,6.6,6.75,6.66,0.09,1.3514,39785.92,26621.685,3.081
601018.SH,20240813,3.54,3.59,3.53,3.57,3.53,0.04,1.1331,161533.73,57582.749,1.35
000903.SZ,20240813,1.8,1.84,1.78,1.81,1.78,0.03,1.6854,143521.2,25909.547,12.021
002603.SZ,20240813,17.85,18.88,17.56,18.13,17.56,0.57,3.246,855576.6,1549191.469,4.1629
002532.SZ,20240813,6.83,6.85,6.77,6.83,6.77,0.06,0.8863,234433.0,159747.258,7.905
301113.SZ,20240813,19.63,19.91,19.38,19.91,19.66,0.25,1.2716,5434.27,10736.354,1.04
600857.SH,20240813,5.54,5.58,5.43,5.53,5.54,-0.01,-0.1805,17703.0,9740.648,5.806
002157.SZ,20240813,2.82,2.88,2.78,2.83,2.83,0.0,0.0,491486.83,139046.712,16.264
002156.SZ,20240813,20.48,20.78,20.39,20.78,20.49,0.29,1.4153,259609.26,535084.776,2.812
603286.SH,20240813,15.38,15.67,15.38,15.67,15.64,0.03,0.1918,24637.0,38229.804,1.019
300490.SZ,20240813,7.29,8.7,7.21,8.02,7.38,0.64,8.6721,393837.17,312591.485,2.042
000042.SZ,20240813,3.91,3.95,3.82,3.91,3.88,0.03,0.7732,95018.91,36897.38,13.498
300547.SZ,20240813,14.05,14.33,13.96,14.24,13.93,0.31,2.2254,31944.58,45318.149,4.252
300268.SZ,20240813,6.88,7.12,6.8,6.91,6.83,0.08,1.1713,7292.72,5059.692,2.027
605050.SH,20240813,8.25,8.3,8.19,8.29,8.24,0.05,0.6068,8351.8,6887.748,1.1261
300605.SZ,20240813,9.46,9.57,9.23,9.56,9.34,0.22,2.3555,32594.5,30677.472,1.9952
688390.SH,20240813,58.0,59.42,56.73,58.29,58.55,-0.26,-0.4441,24831.84,143567.699,2.807
000617.SZ,20240813,5.39,5.41,5.34,5.4,5.38,0.02,0.3717,198886.79,106869.423,7.8
301283.SZ,20240813,25.12,25.39,24.94,25.39,25.19,0.2,0.794,3171.0,7992.918,1.032
002035.SZ,20240813,6.49,6.49,6.24,6.39,6.49,-0.1,-1.5408,214374.21,135520.265,17.784
301073.SZ,20240813,17.2,17.28,16.77,17.1,17.12,-0.02,-0.1168,34908.35,59061.211,2.29
002925.SZ,20240813,11.36,11.48,11.29,11.42,11.36,0.06,0.5282,19754.25,22476.718,2.051
603345.SH,20240813,80.38,81.39,79.32,81.26,80.7,0.56,0.6939,18331.76,147629.615,1.075
002615.SZ,20240813,6.6,6.62,6.5,6.58,6.58,0.0,0.0,58424.0,38206.462,5.589
300501.SZ,20240813,10.54,10.62,10.47,10.62,10.58,0.04,0.3781,6308.0,6653.008,3.051
301309.SZ,20240813,21.91,22.26,21.73,22.21,22.07,0.14,0.6343,7358.0,16201.148,1.034
002989.SZ,20240813,15.46,15.59,15.31,15.55,15.51,0.04,0.2579,7359.0,11360.849,1.316
300055.SZ,20240813,4.07,4.19,4.02,4.15,4.07,0.08,1.9656,89828.57,37102.843,8.0663
300847.SZ,20240813,13.9,14.11,13.86,14.03,13.93,0.1,0.7179,24650.0,34437.831,1.532
002080.SZ,20240813,11.04,11.12,10.86,10.99,11.05,-0.06,-0.543,93135.0,101838.514,5.434
002090.SZ,20240813,7.36,7.45,7.31,7.42,7.37,0.05,0.6784,28257.0,20867.154,5.8378
002454.SZ,20240813,5.51,5.68,5.41,5.6,5.49,0.11,2.0036,82498.63,45852.37,2.963
603501.SH,20240813,92.39,93.4,92.03,93.4,92.19,1.21,1.3125,76913.39,712332.793,1.3661
603118.SH,20240813,5.57,5.62,5.5,5.61,5.57,0.04,0.7181,49871.0,27759.518,2.559
000895.SZ,20240813,23.73,23.87,23.4,23.54,23.71,-0.17,-0.717,57754.99,136154.201,26.541
300882.SZ,20240813,13.49,14.06,13.49,13.8,13.52,0.28,2.071,55103.39,76299.741,1.907
600133.SH,20240813,7.65,7.7,7.46,7.67,7.65,0.02,0.2614,214191.76,162031.716,4.5406
002889.SZ,20240813,15.43,15.75,15.43,15.75,15.52,0.23,1.482,26992.44,42131.65,2.013
300903.SZ,20240813,6.38,6.57,6.35,6.55,6.39,0.16,2.5039,88284.8,57170.971,1.81
688560.SH,20240813,9.89,10.08,9.66,9.94,9.97,-0.03,-0.3009,24096.76,23721.264,1.021
601326.SH,20240813,3.42,3.47,3.41,3.44,3.44,0.0,0.0,133876.0,46011.254,1.1848
688180.SH,20240813,27.99,28.19,27.52,27.88,28.19,-0.31,-1.0997,31231.53,86722.858,1.0
600388.SH,20240813,11.42,11.48,11.23,11.45,11.49,-0.04,-0.3481,28098.05,31939.028,9.189
001358.SZ,20240813,20.1,22.3,19.88,22.3,20.27,2.03,10.0148,62157.76,134505.515,1.447
300915.SZ,20240813,26.3,26.75,26.02,26.75,26.39,0.36,1.3642,2485.5,6580.505,1.568
600449.SH,20240813,9.0,9.26,8.93,9.21,9.74,-0.53,-5.4415,219819.25,199651.976,4.41
002255.SZ,20240813,4.32,4.38,4.3,4.36,4.35,0.01,0.2299,74176.77,32202.741,4.157
300386.SZ,20240813,7.99,8.2,7.95,8.2,8.03,0.17,2.1171,76812.0,62001.016,4.516
920729.BJ,20240813,5.06,5.07,4.9,5.06,5.03,0.03,0.5964,3326.84,1673.974,4.3835
601869.SH,20240813,24.24,24.52,23.72,23.96,24.49,-0.53,-2.1641,40246.0,96682.543,1.062
002092.SZ,20240813,3.41,3.45,3.4,3.44,3.41,0.03,0.8798,58669.0,20081.085,3.496
300303.SZ,20240813,4.6,4.79,4.6,4.74,4.6,0.14,3.0435,313330.26,147441.333,16.685
600106.SH,20240813,3.75,3.78,3.68,3.73,3.77,-0.04,-1.061,142327.86,52818.604,8.426
688162.SH,20240813,16.9,17.5,16.9,17.43,17.51,-0.08,-0.4569,5064.94,8754.059,1.013
603587.SH,20240813,10.62,10.68,10.56,10.68,10.59,0.09,0.8499,11410.9,12131.189,1.6712
002442.SZ,20240813,4.3,4.31,4.22,4.3,4.27,0.03,0.7026,35262.66,15077.062,2.653
300885.SZ,20240813,8.55,9.8,8.51,8.9,8.2,0.7,8.5366,241924.28,219044.811,3.225
601015.SH,20240813,2.97,3.04,2.91,2.96,3.0,-0.04,-1.3333,367287.82,109017.338,2.464
600283.SH,20240813,11.64,11.77,11.51,11.72,11.71,0.01,0.0854,19327.0,22505.328,1.68
301234.SZ,20240813,24.16,24.49,23.33,24.42,25.0,-0.58,-2.32,33841.26,80864.277,1.038
603881.SH,20240813,12.34,12.45,12.2,12.36,12.35,0.01,0.081,26022.98,32003.465,2.59
920826.BJ,20240813,5.4,5.49,5.3,5.41,5.49,-0.08,-1.4572,29733.23,15926.373,3.3203
002971.SZ,20240813,16.16,16.52,16.0,16.48,16.17,0.31,1.9171,7772.9,12604.062,1.3252
300648.SZ,20240813,15.59,15.94,15.48,15.88,15.6,0.28,1.7949,11246.0,17693.733,2.012
920504.BJ,20240813,11.5,11.5,11.2,11.45,11.47,-0.02,-0.1744,1899.98,2143.746,1.3711
300797.SZ,20240813,8.74,8.85,8.69,8.83,8.75,0.08,0.9143,13595.0,11929.613,1.5451
301277.SZ,20240813,13.4,13.4,13.09,13.23,13.46,-0.23,-1.7088,40198.28,53264.186,2.168
688316.SH,20240813,26.29,26.63,25.97,26.47,26.12,0.35,1.34,4747.25,12505.047,1.0
920454.BJ,20240813,7.35,7.6,7.34,7.55,7.38,0.17,2.3035,10927.28,8126.062,1.1095
605222.SH,20240813,16.21,16.49,16.1,16.3,16.36,-0.06,-0.3667,14833.0,24065.616,1.034
002171.SZ,20240813,5.97,6.02,5.93,6.01,5.95,0.06,1.0084,51197.02,30609.438,5.521
000088.SZ,20240813,4.53,4.57,4.48,4.53,4.53,0.0,0.0,76230.2,34472.625,8.461
688638.SH,20240813,27.12,27.12,26.63,27.09,26.93,0.16,0.5941,925.42,2486.797,1.405
002633.SZ,20240813,6.58,6.7,6.36,6.54,6.63,-0.09,-1.3575,54711.01,35591.861,1.523
301015.SZ,20240813,23.4,23.44,22.96,23.26,23.38,-0.12,-0.5133,14168.68,32750.084,1.087
600575.SH,20240813,3.61,3.68,3.61,3.66,3.63,0.03,0.8264,132403.61,48329.717,18.989
300626.SZ,20240813,7.68,8.01,7.51,8.0,7.73,0.27,3.4929,76232.0,59878.101,1.818
002448.SZ,20240813,5.53,5.66,5.49,5.65,5.53,0.12,2.17,64726.0,36064.671,6.015
603051.SH,20240813,24.0,25.44,23.41,24.81,24.01,0.8,3.3319,52699.13,129134.172,1.015
600170.SH,20240813,2.2,2.22,2.18,2.21,2.2,0.01,0.4545,769985.83,169835.251,17.933
300791.SZ,20240813,24.61,24.95,24.11,24.86,24.61,0.25,1.0158,24266.48,59639.028,3.136
920717.BJ,20240813,5.2,5.24,5.1,5.18,5.16,0.02,0.3876,3462.41,1789.023,1.0968
603682.SH,20240813,3.78,3.78,3.7,3.77,3.78,-0.01,-0.2646,40484.0,15163.302,1.155
605255.SH,20240813,13.2,13.3,12.24,12.9,13.07,-0.17,-1.3007,88430.0,111889.178,1.111
603788.SH,20240813,11.23,11.33,11.16,11.33,11.28,0.05,0.4433,10015.0,11272.205,1.951
688691.SH,20240813,46.11,46.53,45.67,46.12,46.16,-0.04,-0.0867,7042.63,32423.632,1.0093
002032.SZ,20240813,48.36,48.57,47.7,48.15,48.36,-0.21,-0.4342,7810.18,37460.907,10.126
300027.SZ,20240813,1.73,1.75,1.69,1.72,1.72,0.0,0.0,337775.21,57853.997,15.103
002202.SZ,20240813,7.68,7.88,7.64,7.81,7.75,0.06,0.7742,235503.58,182973.754,8.177
603001.SH,20240813,4.39,4.39,4.27,4.33,4.33,0.0,0.0,8509.0,3674.418,1.443
001336.SZ,20240813,16.03,16.78,15.81,16.63,16.34,0.29,1.7748,34038.02,55613.156,1.0085
300161.SZ,20240813,23.21,23.3,22.31,22.74,23.23,-0.49,-2.1093,43261.27,98400.736,1.55
300776.SZ,20240813,44.64,45.96,44.5,45.6,44.96,0.64,1.4235,21161.78,95712.698,4.213
600626.SH,20240813,2.87,2.92,2.84,2.89,2.89,0.0,0.0,78841.0,22695.363,10.717
688766.SH,20240813,68.54,69.36,68.14,69.13,68.3,0.83,1.2152,6345.27,43576.479,2.93
600667.SH,20240813,5.25,5.31,5.22,5.29,5.27,0.02,0.3795,119271.02,62865.707,5.3444
688165.SH,20240813,7.53,7.59,7.45,7.56,7.53,0.03,0.3984,11274.47,8487.931,1.0
300396.SZ,20240813,17.23,17.25,16.43,16.71,17.25,-0.54,-3.1304,94762.29,158164.828,5.186
688325.SH,20240813,35.21,35.91,34.85,35.46,35.4,0.06,0.1695,13976.48,49282.548,1.0063
688326.SH,20240813,60.38,61.9,60.1,61.83,60.1,1.73,2.8785,7083.46,43272.508,1.0
000659.SZ,20240813,1.73,1.76,1.69,1.76,1.73,0.03,1.7341,164157.72,28364.884,16.527
002445.SZ,20240813,1.65,1.67,1.63,1.67,1.65,0.02,1.2121,97274.0,16088.313,7.212
688556.SH,20240813,11.31,11.58,11.18,11.47,11.39,0.08,0.7024,63269.54,71899.957,3.303
300904.SZ,20240813,39.08,40.2,38.64,39.8,39.45,0.35,0.8872,7675.24,30270.691,1.017
002985.SZ,20240813,20.11,20.47,20.08,20.3,20.19,0.11,0.5448,25801.27,52260.7,2.249
600927.SH,20240813,11.09,11.17,11.02,11.16,11.11,0.05,0.45,23253.68,25819.139,1.035
688981.SH,20240813,48.8,49.2,48.74,49.2,48.78,0.42,0.861,142118.85,696438.78,1.0
300618.SZ,20240813,23.75,24.09,23.61,23.96,23.65,0.31,1.3108,25066.73,59739.654,2.324
920953.BJ,20240813,11.87,11.93,11.73,11.92,11.8,0.12,1.0169,6089.39,7196.27,1.0139
920553.BJ,20240813,4.21,4.21,4.1,4.14,4.23,-0.09,-2.1277,11470.4,4747.552,1.1566
603171.SH,20240813,24.75,25.01,24.6,24.96,24.72,0.24,0.9709,28148.0,69851.582,1.024
300366.SZ,20240813,7.15,7.21,7.01,7.19,7.07,0.12,1.6973,102581.0,73051.363,6.073
300624.SZ,20240813,43.59,44.16,43.4,44.16,43.59,0.57,1.3076,34091.37,149368.629,2.275
600335.SH,20240813,5.85,5.92,5.8,5.91,5.86,0.05,0.8532,80674.01,47307.498,5.633
688368.SH,20240813,53.96,54.87,53.48,54.86,53.35,1.51,2.8304,2654.34,14410.165,1.444
920262.BJ,20240813,10.07,10.14,9.88,10.09,10.1,-0.01,-0.099,1079.81,1078.819,1.6663
600815.SH,20240813,1.95,1.98,1.92,1.98,1.94,0.04,2.0619,44783.35,8730.278,6.365
300182.SZ,20240813,3.6,3.63,3.55,3.62,3.58,0.04,1.1173,259850.0,93304.513,30.863
600371.SH,20240813,7.15,7.19,7.06,7.13,7.15,-0.02,-0.2797,17476.51,12442.003,4.209
300266.SZ,20240813,1.4,1.43,1.36,1.42,1.42,0.0,0.0,260231.8,36205.09,19.148
002935.SZ,20240813,12.27,12.49,12.26,12.41,12.27,0.14,1.141,19990.4,24721.438,4.115
600039.SH,20240813,6.23,6.24,6.16,6.2,6.18,0.02,0.3236,112729.84,69801.73,13.7122
600787.SH,20240813,4.82,4.86,4.8,4.86,4.83,0.03,0.6211,69546.28,33565.258,33.291
688112.SH,20240813,23.44,23.96,23.35,23.83,23.62,0.21,0.8891,6233.94,14793.162,1.566
603015.SH,20240813,6.66,6.77,6.63,6.75,6.66,0.09,1.3514,31856.49,21358.791,2.23
688538.SH,20240813,2.04,2.06,2.03,2.06,2.04,0.02,0.9804,202507.86,41510.035,1.0
300445.SZ,20240813,14.66,14.79,14.49,14.69,14.57,0.12,0.8236,9707.0,14169.619,5.027
002573.SZ,20240813,3.55,3.65,3.54,3.65,3.57,0.08,2.2409,81179.0,29252.021,8.5083
300649.SZ,20240813,9.85,10.38,9.64,10.2,9.84,0.36,3.6585,39010.0,39188.508,2.065
920896.BJ,20240813,7.2,7.22,7.03,7.2,7.2,0.0,0.0,2446.68,1748.511,1.8624
300264.SZ,20240813,3.99,4.16,3.89,4.08,3.96,0.12,3.0303,162027.0,65235.249,4.141
605555.SH,20240813,15.52,15.73,15.4,15.6,15.62,-0.02,-0.128,28902.76,44890.5,2.065
603989.SH,20240813,12.3,12.42,12.21,12.38,12.36,0.02,0.1618,22528.98,27733.93,2.3312
301188.SZ,20240813,13.72,13.89,13.45,13.7,13.77,-0.07,-0.5084,28884.36,39419.316,1.029
688265.SH,20240813,22.15,22.23,21.84,21.97,22.25,-0.28,-1.2584,979.52,2157.812,1.0103
300835.SZ,20240813,22.7,22.99,22.61,22.99,22.69,0.3,1.3222,12860.1,29362.976,1.7573
600850.SH,20240813,16.43,16.51,16.32,16.48,16.41,0.07,0.4266,17170.8,28163.862,9.692
600549.SH,20240813,16.49,16.53,16.21,16.43,16.38,0.05,0.3053,67222.79,109830.023,14.065
605058.SH,20240813,17.23,17.56,17.12,17.56,17.22,0.34,1.9744,8260.0,14390.282,1.0532
301126.SZ,20240813,9.54,9.61,9.29,9.52,9.54,-0.02,-0.2096,58963.0,55446.278,1.008
600970.SH,20240813,10.14,10.2,10.01,10.13,10.19,-0.06,-0.5888,52492.8,53096.087,14.603
601101.SH,20240813,8.14,8.25,8.07,8.21,8.19,0.02,0.2442,91968.72,75027.957,4.487
002108.SZ,20240813,3.08,3.12,3.06,3.11,3.08,0.03,0.974,71633.74,22150.091,18.17
300969.SZ,20240813,64.2,64.88,63.84,64.8,64.18,0.62,0.966,6196.0,39816.62,1.017
688425.SH,20240813,3.61,3.65,3.6,3.65,3.62,0.03,0.8287,147855.35,53579.735,1.071
603909.SH,20240813,7.6,7.88,7.46,7.73,7.58,0.15,1.9789,55409.4,42742.1,2.625
600202.SH,20240813,3.68,3.72,3.6,3.71,3.68,0.03,0.8152,37040.0,13609.108,4.961
600711.SH,20240813,4.29,4.34,4.01,4.08,4.22,-0.14,-3.3175,2131318.95,889397.263,10.1
920578.BJ,20240813,11.74,11.9,11.55,11.85,11.69,0.16,1.3687,5968.41,7011.077,2.5729
002139.SZ,20240813,9.59,9.65,9.48,9.64,9.6,0.04,0.4167,112326.51,107412.062,17.108
603698.SH,20240813,12.57,12.75,12.47,12.63,12.67,-0.04,-0.3157,26175.0,32881.99,1.378
603183.SH,20240813,3.18,3.26,3.14,3.24,3.18,0.06,1.8868,86054.81,27636.609,4.927
600619.SH,20240813,5.32,5.35,5.25,5.34,5.31,0.03,0.565,39689.21,21076.55,57.5559
600732.SH,20240813,8.81,8.92,8.61,8.83,8.91,-0.08,-0.8979,250268.02,218812.333,6.935
000032.SZ,20240813,13.1,13.22,12.9,13.14,13.1,0.04,0.3053,75888.0,99225.31,4.23
000701.SZ,20240813,3.71,3.75,3.65,3.72,3.72,0.0,0.0,105534.0,38973.393,1.726
002303.SZ,20240813,2.52,2.55,2.49,2.55,2.52,0.03,1.1905,92311.35,23365.492,10.3969
603096.SH,20240813,15.93,15.99,15.74,15.92,15.93,-0.01,-0.0628,7118.0,11275.541,1.424
605378.SH,20240813,14.47,14.77,14.41,14.73,14.47,0.26,1.7968,12057.8,17637.335,1.523
600600.SH,20240813,66.71,67.02,65.01,65.35,66.71,-1.36,-2.0387,50871.16,334299.806,1.8037
603331.SH,20240813,8.62,8.69,8.54,8.64,8.61,0.03,0.3484,8759.0,7539.824,1.547
301358.SZ,20240813,26.41,27.03,26.19,26.83,26.33,0.5,1.899,29090.0,77338.021,1.021
688350.SH,20240813,10.85,10.87,10.64,10.87,10.7,0.17,1.5888,4439.62,4800.646,1.078
300712.SZ,20240813,19.38,19.77,19.12,19.73,19.38,0.35,1.806,8211.3,16042.564,1.339
002655.SZ,20240813,10.04,10.23,10.03,10.21,10.03,0.18,1.7946,40297.0,40854.285,3.06
920299.BJ,20240813,6.31,6.38,6.21,6.34,6.36,-0.02,-0.3145,12509.79,7842.722,2.8059
601699.SH,20240813,15.27,15.33,14.84,15.0,15.2,-0.2,-1.3158,191596.03,287666.542,8.146
605086.SH,20240813,14.68,15.12,14.58,15.12,14.68,0.44,2.9973,11231.59,16716.59,1.469
300995.SZ,20240813,14.5,14.96,14.3,14.93,14.5,0.43,2.9655,9700.0,14244.585,1.034
603721.SH,20240813,20.25,20.59,20.02,20.57,20.36,0.21,1.0314,35390.0,71966.002,1.349
002429.SZ,20240813,4.7,4.78,4.69,4.76,4.68,0.08,1.7094,218974.94,103947.434,9.298
688595.SH,20240813,24.75,25.09,24.61,25.07,24.67,0.4,1.6214,9578.81,23845.542,1.408
301072.SZ,20240813,17.85,17.97,17.39,17.97,17.65,0.32,1.813,10165.0,18007.768,1.0038
300986.SZ,20240813,7.04,7.2,6.92,7.19,7.02,0.17,2.4217,16528.17,11727.171,2.153
000586.SZ,20240813,7.22,7.28,7.0,7.14,7.25,-0.11,-1.5172,116090.01,82398.58,3.698
002283.SZ,20240813,4.08,4.11,4.04,4.09,4.09,0.0,0.0,91955.0,37415.922,4.514
300020.SZ,20240813,2.02,2.1,2.0,2.07,2.03,0.04,1.9704,412837.01,84854.107,6.866
920926.BJ,20240813,10.55,10.55,10.31,10.52,10.61,-0.09,-0.8483,10732.28,11190.237,1.5177
605001.SH,20240813,5.02,5.09,4.98,5.09,5.04,0.05,0.9921,62452.0,31522.632,1.371
688553.SH,20240813,11.88,11.9,11.72,11.83,11.9,-0.07,-0.5882,8027.97,9465.044,1.04
920693.BJ,20240813,22.32,22.77,22.31,22.6,22.59,0.01,0.0443,3486.21,7832.497,1.0015
300122.SZ,20240813,26.16,26.34,25.23,25.58,26.46,-0.88,-3.3258,275012.58,702746.773,6.614
300810.SZ,20240813,16.09,16.92,16.09,16.85,16.04,0.81,5.0499,54821.0,91263.552,1.51
300836.SZ,20240813,37.22,38.5,36.2,38.49,37.2,1.29,3.4677,21887.0,83413.671,1.314
301031.SZ,20240813,71.95,73.0,71.0,72.81,71.95,0.86,1.1953,3399.0,24470.552,1.0182
600100.SH,20240813,4.77,4.81,4.72,4.79,4.77,0.02,0.4193,174494.48,83108.357,21.303
002073.SZ,20240813,6.57,6.66,6.53,6.66,6.54,0.12,1.8349,79458.0,52451.078,9.422
300917.SZ,20240813,34.05,35.51,33.5,34.4,34.6,-0.2,-0.578,128689.95,442651.007,1.74
600238.SH,20240813,8.52,8.55,8.44,8.55,8.52,0.03,0.3521,16272.8,13832.335,4.012
600683.SH,20240813,3.64,3.69,3.58,3.65,3.66,-0.01,-0.2732,77294.01,28121.055,7.021
300521.SZ,20240813,10.13,10.31,10.05,10.31,10.13,0.18,1.7769,8299.0,8484.181,1.816
688701.SH,20240813,5.19,5.19,4.86,4.96,5.07,-0.11,-2.1696,31644.32,15677.891,1.009
300549.SZ,20240813,12.98,13.15,12.8,13.15,12.96,0.19,1.466,14014.0,18239.596,2.151
600558.SH,20240813,3.49,3.54,3.47,3.53,3.49,0.04,1.1461,54093.88,18974.531,7.3004
000906.SZ,20240813,6.27,6.3,6.23,6.28,6.27,0.01,0.1595,19203.03,12036.783,5.505
002943.SZ,20240813,17.5,17.72,17.34,17.65,17.56,0.09,0.5125,17116.47,30036.96,1.724
600593.SH,20240813,16.69,16.76,16.38,16.69,16.74,-0.05,-0.2987,19120.0,31626.672,1.921
001289.SZ,20240813,17.06,17.18,16.9,17.1,17.09,0.01,0.0585,23806.54,40583.168,1.0265
600491.SH,20240813,2.56,2.59,2.52,2.58,2.57,0.01,0.3891,93855.0,24068.341,10.934
603416.SH,20240813,30.51,31.05,30.5,30.84,30.75,0.09,0.2927,11849.03,36411.826,1.4625
600105.SH,20240813,3.56,3.63,3.54,3.61,3.58,0.03,0.838,304041.0,109322.895,11.7498
300555.SZ,20240813,6.34,6.34,6.24,6.26,6.31,-0.05,-0.7924,8048.0,5047.991,2.523
600366.SH,20240813,5.44,5.48,5.38,5.48,5.41,0.07,1.2939,50309.77,27365.395,12.3305
300782.SZ,20240813,69.65,70.61,69.24,70.11,69.52,0.59,0.8487,37819.89,264174.252,5.252
300343.SZ,20240813,4.42,4.49,4.36,4.48,4.41,0.07,1.5873,90387.0,40091.944,13.801
300670.SZ,20240813,5.07,5.16,5.02,5.16,5.08,0.08,1.5748,44415.0,22702.135,2.74
603637.SH,20240813,5.91,5.94,5.79,5.92,5.85,0.07,1.1966,10011.21,5888.803,2.655
688289.SH,20240813,19.17,19.32,18.8,19.2,19.17,0.03,0.1565,58794.41,111882.773,1.648
600062.SH,20240813,19.27,19.27,18.78,19.2,19.4,-0.2,-1.0309,142210.19,269988.564,8.658
000157.SZ,20240813,6.46,6.52,6.31,6.44,6.47,-0.03,-0.4637,405961.59,259169.723,87.3926
603173.SH,20240813,21.78,22.0,21.37,21.51,21.8,-0.29,-1.3303,16047.47,34666.949,1.02
300503.SZ,20240813,12.77,13.07,12.66,12.93,12.75,0.18,1.4118,91680.0,117946.143,2.56
688266.SH,20240813,54.61,55.96,54.47,55.43,54.75,0.68,1.242,13259.74,73402.139,1.0
001301.SZ,20240813,36.11,37.5,35.71,37.04,36.1,0.94,2.6039,21437.64,78425.229,1.032
003006.SZ,20240813,22.5,22.57,21.8,22.04,22.05,-0.01,-0.0454,39578.8,87141.783,1.088
600792.SH,20240813,3.15,3.18,3.11,3.18,3.16,0.02,0.6329,41048.0,12959.912,6.8993
603369.SH,20240813,45.18,45.43,43.48,43.9,45.14,-1.24,-2.747,54973.85,241555.44,2.835
600966.SH,20240813,4.39,4.43,4.32,4.37,4.42,-0.05,-1.1312,111157.0,48542.317,7.3494
300680.SZ,20240813,17.32,17.52,17.19,17.52,17.37,0.15,0.8636,38455.52,66754.774,2.613
600098.SH,20240813,6.15,6.24,6.15,6.23,6.14,0.09,1.4658,112453.96,69831.839,6.0845
603596.SH,20240813,36.2,36.56,35.5,35.84,36.39,-0.55,-1.5114,36253.92,129808.866,1.432
688090.SH,20240813,37.9,38.64,37.5,38.64,38.16,0.48,1.2579,8599.27,32779.088,1.434
002733.SZ,20240813,10.38,10.57,10.26,10.5,10.42,0.08,0.7678,22445.08,23367.814,2.423
000921.SZ,20240813,27.84,27.84,26.91,27.15,27.85,-0.7,-2.5135,95873.0,260332.551,1.445
603028.SH,20240813,5.86,5.94,5.7,5.9,5.88,0.02,0.3401,58948.5,34396.908,1.3359
000983.SZ,20240813,8.08,8.11,7.9,7.97,8.07,-0.1,-1.2392,246949.38,197090.799,11.5043
002126.SZ,20240813,15.6,15.75,15.51,15.71,15.64,0.07,0.4476,41013.82,64062.517,5.658
600499.SH,20240813,6.96,7.04,6.9,7.01,6.96,0.05,0.7184,69816.43,48695.281,33.0896
300257.SZ,20240813,8.58,8.68,8.48,8.67,8.6,0.07,0.814,24908.0,21433.722,6.5392
603703.SH,20240813,9.01,9.12,8.88,9.06,8.96,0.1,1.1161,21943.45,19764.491,3.5127
002395.SZ,20240813,12.58,12.96,12.47,12.82,12.58,0.24,1.9078,54614.0,69767.415,3.2887
300240.SZ,20240813,5.92,6.04,5.91,6.04,5.98,0.06,1.0033,117894.0,70539.897,3.629
301058.SZ,20240813,8.61,8.64,8.45,8.62,8.61,0.01,0.1161,30404.0,25979.049,1.04
002682.SZ,20240813,3.69,3.76,3.65,3.75,3.68,0.07,1.9022,162574.0,60284.112,2.606
300716.SZ,20240813,7.46,9.28,7.26,8.38,7.73,0.65,8.4088,325061.16,275132.46,1.521
603636.SH,20240813,7.38,7.72,7.36,7.7,7.38,0.32,4.336,81255.08,61422.159,4.8984
603057.SH,20240813,14.27,14.32,14.08,14.24,14.29,-0.05,-0.3499,7085.0,10040.395,1.074
600578.SH,20240813,3.22,3.28,3.21,3.28,3.22,0.06,1.8634,194483.27,63264.168,6.0833
603797.SH,20240813,3.31,3.38,3.26,3.38,3.34,0.04,1.1976,65683.2,21931.508,2.153
600962.SH,20240813,12.83,13.2,12.69,12.95,12.79,0.16,1.251,23764.0,30815.586,1.893
600435.SH,20240813,8.28,8.41,8.26,8.41,8.3,0.11,1.3253,127723.0,106561.042,13.6345
300046.SZ,20240813,19.98,21.1,19.72,20.75,20.22,0.53,2.6212,349883.84,714325.756,4.376
000059.SZ,20240813,4.15,4.19,4.1,4.17,4.14,0.03,0.7246,54183.56,22484.627,1.822
300484.SZ,20240813,12.78,12.97,12.54,12.85,12.7,0.15,1.1811,58781.0,74759.234,4.34
003000.SZ,20240813,11.0,11.08,10.85,11.0,11.0,0.0,0.0,30639.99,33453.446,1.077
600612.SH,20240813,50.69,50.99,49.95,50.35,50.35,0.0,0.0,8253.0,41538.654,146.0233
601368.SH,20240813,4.24,4.34,4.21,4.34,4.26,0.08,1.8779,41075.45,17611.626,1.137
300375.SZ,20240813,3.87,3.94,3.87,3.93,3.89,0.04,1.0283,94512.57,36885.338,6.7915
601666.SH,20240813,10.63,10.67,10.35,10.45,10.58,-0.13,-1.2287,216167.09,225833.978,3.546
002636.SZ,20240813,6.15,6.29,6.12,6.28,6.16,0.12,1.9481,30537.0,19005.773,2.7
688267.SH,20240813,19.84,19.98,19.68,19.98,19.95,0.03,0.1504,2300.24,4562.566,1.028
000831.SZ,20240813,22.41,22.67,22.31,22.59,22.34,0.25,1.1191,65466.17,147347.855,4.025
603062.SH,20240813,31.31,31.67,30.78,31.24,31.55,-0.31,-0.9826,8633.83,26789.088,1.052
300862.SZ,20240813,21.15,21.35,20.59,21.04,21.28,-0.24,-1.1278,19278.4,40318.603,1.424
605178.SH,20240813,12.55,13.75,12.55,13.75,12.5,1.25,10.0,41808.15,57075.18,1.405
301121.SZ,20240813,31.53,32.51,31.22,32.4,31.53,0.87,2.7593,8498.01,27251.786,1.006
603222.SH,20240813,5.86,5.9,5.73,5.8,5.91,-0.11,-1.8613,56464.2,32692.821,2.865
300926.SZ,20240813,17.84,17.94,17.6,17.91,17.7,0.21,1.1864,13993.85,24881.344,2.65
300165.SZ,20240813,2.47,2.67,2.38,2.63,2.52,0.11,4.3651,488611.17,124308.009,6.732
000937.SZ,20240813,5.55,5.57,5.48,5.53,5.55,-0.02,-0.3604,236593.6,130644.567,11.916
003037.SZ,20240813,5.2,5.33,5.11,5.33,5.21,0.12,2.3033,40910.0,21426.92,1.035
688187.SH,20240813,54.42,55.15,54.1,54.99,54.42,0.57,1.0474,13893.45,75899.88,1.0407
603013.SH,20240813,12.62,12.79,12.55,12.76,12.72,0.04,0.3145,12283.0,15530.876,1.233
605169.SH,20240813,8.14,8.2,8.09,8.14,8.1,0.04,0.4938,20163.0,16433.712,1.961
002206.SZ,20240813,3.65,3.66,3.61,3.66,3.64,0.02,0.5495,49809.0,18120.788,11.96
002865.SZ,20240813,43.12,43.5,41.5,42.25,44.1,-1.85,-4.195,161735.27,683209.464,1.465
600919.SH,20240813,7.51,7.63,7.51,7.6,7.52,0.08,1.0638,735740.05,558599.099,1.543
300536.SZ,20240813,6.92,6.93,6.67,6.8,6.92,-0.12,-1.7341,41288.0,27876.605,3.206
601811.SH,20240813,14.24,14.33,13.96,14.11,14.17,-0.06,-0.4234,18209.0,25723.985,1.278
688680.SH,20240813,27.52,28.38,26.97,27.82,27.58,0.24,0.8702,14586.88,40269.326,1.006
603035.SH,20240813,12.07,12.22,12.02,12.22,12.12,0.1,0.8251,15718.19,19063.564,1.203
603256.SH,20240813,6.25,6.38,6.22,6.38,6.26,0.12,1.9169,36177.0,22891.361,1.04
300057.SZ,20240813,3.84,3.92,3.76,3.91,3.84,0.07,1.8229,107546.32,41559.482,2.635
920976.BJ,20240813,8.89,8.94,8.72,8.79,8.86,-0.07,-0.7901,2788.96,2450.742,2.2328
688709.SH,20240813,16.46,16.8,16.45,16.71,16.46,0.25,1.5188,21754.52,36172.035,1.005
002535.SZ,20240813,3.13,3.22,3.12,3.19,3.16,0.03,0.9494,137406.64,43695.487,3.529
002226.SZ,20240813,4.39,4.51,4.36,4.47,4.39,0.08,1.8223,99987.6,44429.56,13.229
688739.SH,20240813,24.23,24.42,24.07,24.29,24.31,-0.02,-0.0823,6023.13,14598.408,1.084
000967.SZ,20240813,4.28,4.35,4.24,4.32,4.29,0.03,0.6993,114589.94,49278.385,5.5952
301219.SZ,20240813,36.29,36.68,36.16,36.57,36.05,0.52,1.4424,15426.34,56105.703,2.528
920433.BJ,20240813,4.25,4.28,4.1,4.18,4.29,-0.11,-2.5641,50163.66,20864.337,3.8959
688499.SH,20240813,17.77,17.8,17.26,17.65,17.6,0.05,0.2841,12279.81,21536.782,1.41
603878.SH,20240813,5.93,5.95,5.88,5.91,5.92,-0.01,-0.1689,28530.77,16856.476,3.73
600309.SH,20240813,74.52,74.68,71.38,73.01,74.92,-1.91,-2.5494,205133.72,1485519.625,41.195
603729.SH,20240813,12.43,12.54,12.16,12.48,12.49,-0.01,-0.0801,21370.0,26379.34,1.408
300780.SZ,20240813,13.49,13.63,13.22,13.62,13.39,0.23,1.7177,45543.85,61259.186,1.032
605111.SH,20240813,30.57,32.08,30.55,31.72,30.29,1.43,4.721,275366.72,866073.321,3.91
002203.SZ,20240813,7.74,7.81,7.68,7.81,7.72,0.09,1.1658,51975.14,40277.707,3.8893
000070.SZ,20240813,4.23,4.27,4.14,4.27,4.24,0.03,0.7075,106173.83,44642.829,3.484
603348.SH,20240813,22.18,22.23,21.89,22.2,22.12,0.08,0.3617,17345.33,38228.225,1.035
300696.SZ,20240813,13.29,13.65,13.14,13.65,13.32,0.33,2.4775,58938.0,79360.52,4.131
600511.SH,20240813,34.1,34.24,33.75,33.8,34.21,-0.41,-1.1985,41119.67,139459.955,6.07
300750.SZ,20240813,168.89,174.96,168.38,173.78,169.0,4.78,2.8284,193892.56,3336604.796,1.866
688655.SH,20240813,8.46,8.61,8.33,8.61,8.45,0.16,1.8935,7924.17,6748.414,1.019
300962.SZ,20240813,13.71,14.06,13.66,14.05,13.92,0.13,0.9339,15990.93,22182.836,1.063
300762.SZ,20240813,14.96,15.45,14.93,15.23,14.88,0.35,2.3522,300239.46,455700.88,4.125
603200.SH,20240813,18.13,18.25,17.71,18.02,18.36,-0.34,-1.8519,23003.3,41120.568,2.451
920719.BJ,20240813,7.81,7.85,7.73,7.85,7.86,-0.01,-0.1272,4662.39,3626.414,1.0123
600958.SH,20240813,8.47,8.61,8.41,8.61,8.48,0.13,1.533,392486.97,335325.715,1.2152
002117.SZ,20240813,6.74,6.82,6.72,6.8,6.77,0.03,0.4431,20488.89,13877.212,6.534
300497.SZ,20240813,8.61,8.61,8.43,8.55,8.64,-0.09,-1.0417,35358.0,30015.54,6.062
300871.SZ,20240813,9.43,9.43,9.04,9.26,9.23,0.03,0.325,13290.0,12228.323,1.599
003033.SZ,20240813,23.28,23.41,23.07,23.36,23.28,0.08,0.3436,2266.0,5277.752,1.065
603708.SH,20240813,8.28,8.36,8.19,8.29,8.29,0.0,0.0,20371.06,16794.757,1.914
600642.SH,20240813,8.1,8.17,7.93,8.04,8.12,-0.08,-0.9852,137188.4,110061.866,10.879
301181.SZ,20240813,20.0,22.85,20.0,20.76,19.04,1.72,9.0336,51982.66,110016.41,1.381
002713.SZ,20240813,2.35,2.4,2.28,2.39,2.34,0.05,2.1368,171864.47,40413.019,3.755
002279.SZ,20240813,4.5,4.56,4.46,4.53,4.49,0.04,0.8909,95782.45,43144.628,9.994
600980.SH,20240813,13.03,13.05,12.86,12.96,12.95,0.01,0.0772,13151.0,17072.571,1.807
603990.SH,20240813,7.99,7.99,7.57,7.71,8.11,-0.4,-4.9322,81562.04,62857.133,3.124
000960.SZ,20240813,13.9,14.04,13.7,13.87,13.87,0.0,0.0,137640.2,190607.865,3.488
688114.SH,20240813,40.6,40.6,39.66,40.46,40.64,-0.18,-0.4429,10064.91,40265.845,1.004
300606.SZ,20240813,17.06,17.52,16.98,17.4,17.27,0.13,0.7528,36140.0,62403.746,1.58
301287.SZ,20240813,25.31,25.75,25.21,25.74,25.58,0.16,0.6255,4400.96,11252.532,1.009
600834.SH,20240813,7.36,7.43,7.27,7.43,7.43,0.0,0.0,86989.11,63794.22,4.0254
300806.SZ,20240813,9.29,9.46,9.23,9.4,9.34,0.06,0.6424,44064.25,41191.932,3.633
000151.SZ,20240813,9.11,9.14,9.0,9.12,9.13,-0.01,-0.1095,33743.0,30613.392,2.759
300494.SZ,20240813,9.15,9.27,9.02,9.23,9.17,0.06,0.6543,80180.0,73424.657,3.699
920405.BJ,20240813,9.8,9.83,9.49,9.79,9.85,-0.06,-0.6091,1431.21,1382.538,3.1407
603633.SH,20240813,6.97,7.06,6.9,7.06,6.9,0.16,2.3188,35682.37,24936.357,2.797
600418.SH,20240813,19.27,19.46,18.78,19.4,19.26,0.14,0.7269,762175.68,1456271.3,6.353
603999.SH,20240813,4.77,4.8,4.7,4.75,4.78,-0.03,-0.6276,29359.0,13931.608,2.532
002756.SZ,20240813,32.51,33.08,32.12,32.75,32.49,0.26,0.8002,46752.3,152122.049,3.079
688613.SH,20240813,13.88,14.23,13.55,13.68,13.78,-0.1,-0.7257,50746.47,70385.171,1.0201
603077.SH,20240813,1.69,1.7,1.67,1.69,1.69,0.0,0.0,295586.6,49764.152,14.219
688106.SH,20240813,17.77,17.95,17.67,17.83,17.79,0.04,0.2248,13149.16,23426.372,1.054
002385.SZ,20240813,4.11,4.16,4.09,4.13,4.11,0.02,0.4866,255398.64,105206.271,10.518
300042.SZ,20240813,16.29,16.56,16.2,16.47,16.45,0.02,0.1216,29124.0,47653.685,3.188
603958.SH,20240813,8.04,8.1,7.92,8.07,8.03,0.04,0.4981,41281.0,33017.406,1.032
688686.SH,20240813,53.91,54.13,52.8,53.61,53.71,-0.1,-0.1862,5379.71,28655.498,1.514
300088.SZ,20240813,4.26,4.32,4.23,4.31,4.26,0.05,1.1737,302096.0,129333.867,18.043
600104.SH,20240813,13.73,13.78,13.55,13.65,13.74,-0.09,-0.655,125778.87,171435.831,10.708
600654.SH,20240813,2.34,2.35,2.31,2.34,2.34,0.0,0.0,65203.74,15210.448,1512.251
302132.SZ,20240813,44.22,44.61,44.06,44.53,44.21,0.32,0.7238,40795.78,180772.152,5.976
